70 89
0 1
1 6
1 2
2 7
3 4
4 9
5 6
6 11
7 12
7 8
8 9
10 15
10 11
11 16
12 17
12 13
13 14
14 19
15 20
15 16
16 21
16 17
17 22
17 18
18 23
19 24
20 25
21 26
21 22
22 27
22 23
23 28
23 24
24 29
25 30
26 31
26 27
27 32
27 28
28 33
29 34
30 35
30 31
31 36
31 32
32 37
33 38
33 34
34 39
35 40
35 36
36 41
37 42
38 39
40 45
40 41
41 46
42 43
43 48
43 44
44 49
45 46
46 51
47 52
47 48
48 49
49 54
50 51
51 56
52 57
52 53
53 54
54 59
55 60
55 56
56 57
57 62
58 63
58 59
59 64
60 65
61 66
61 62
62 63
64 69
65 66
66 67
67 68
68 69
