90 119
0 1
1 2
2 7
2 3
3 8
3 4
4 9
5 10
6 11
6 7
7 12
7 8
8 13
8 9
9 14
10 11
11 16
12 17
12 13
15 20
15 16
16 21
17 22
17 18
18 23
19 24
20 25
20 21
21 26
21 22
22 23
23 28
24 29
25 26
26 31
26 27
27 32
29 34
30 35
30 31
31 36
31 32
32 37
32 33
33 38
33 34
35 36
36 41
36 37
37 42
38 43
39 44
40 45
40 41
41 42
42 43
43 48
43 44
44 49
45 46
46 51
46 47
47 52
47 48
48 49
49 54
50 55
51 56
51 52
52 53
53 58
53 54
54 59
55 60
55 56
56 61
56 57
57 62
58 59
59 64
60 65
60 61
62 63
63 64
64 69
65 70
65 66
66 67
67 72
67 68
68 73
68 69
69 74
70 75
70 71
71 76
71 72
72 77
73 78
74 79
75 80
75 76
76 77
77 82
77 78
78 83
80 85
80 81
81 86
81 82
82 87
82 83
83 88
83 84
84 89
85 86
86 87
87 88
88 89
