80 295
0 5
0 43
0 52
0 62
0 70
1 2
1 3
1 23
1 27
1 39
1 51
1 63
1 76
2 6
2 13
2 20
2 23
2 29
2 49
2 60
2 71
2 76
3 4
3 27
3 38
3 40
3 69
3 72
3 79
4 21
4 41
4 52
4 55
4 61
4 62
4 69
4 72
5 8
5 18
5 52
6 9
6 15
6 18
6 41
6 60
6 76
6 78
7 13
7 33
7 54
7 60
7 68
7 78
8 9
8 10
8 29
8 39
8 66
9 16
9 19
9 21
9 24
9 26
9 47
9 58
9 60
9 65
10 45
10 57
10 60
10 61
10 71
10 72
11 13
11 22
11 25
11 33
11 48
11 52
11 62
11 65
11 68
11 71
11 75
11 76
12 24
12 31
12 48
12 70
13 27
13 30
13 38
13 45
13 60
13 67
13 74
13 75
14 62
14 65
15 16
15 32
15 36
15 41
15 43
15 53
15 54
15 66
15 67
15 68
15 70
15 73
15 78
16 28
16 29
16 35
16 38
16 47
16 51
16 66
17 20
17 24
17 42
17 44
18 30
18 44
18 56
19 52
19 54
19 55
20 33
20 39
20 43
20 45
20 52
20 62
20 74
20 78
21 24
21 28
21 35
21 45
21 54
21 73
22 24
22 50
22 77
23 42
23 44
23 46
23 64
24 34
24 49
24 66
24 71
25 42
25 44
25 57
26 29
26 35
26 43
26 50
26 51
26 74
26 78
27 46
27 48
27 50
27 55
27 76
27 77
28 44
28 65
29 48
29 49
29 64
29 75
30 39
30 42
30 51
31 36
31 54
31 70
32 40
32 44
32 46
32 49
32 55
32 62
32 67
32 68
32 75
33 62
33 65
33 68
33 69
34 36
34 59
34 76
35 41
35 44
35 46
35 59
35 75
36 45
36 49
36 68
37 50
37 56
37 57
37 70
38 42
38 44
39 62
40 49
40 52
40 60
40 63
41 43
41 58
41 68
42 44
42 62
42 73
42 77
42 79
43 46
43 57
43 67
43 72
44 66
44 72
45 48
45 57
45 60
45 79
46 49
46 52
46 54
46 77
47 60
47 68
47 69
47 75
48 51
48 53
48 65
49 52
49 56
49 62
49 63
49 65
50 74
50 75
52 64
52 65
53 60
53 76
54 58
54 61
54 64
54 70
55 78
56 58
56 69
56 75
56 76
56 79
57 66
57 69
58 61
58 69
58 75
58 78
59 60
59 70
60 64
60 66
60 70
61 63
61 71
62 63
62 75
63 65
65 70
65 75
65 76
65 78
66 69
66 76
70 73
70 74
70 75
71 79
77 78
77 79
