80 120
47 62
47 49
47 14
62 69
62 14
33 54
33 35
33 51
54 10
54 4
0 5
0 16
0 36
5 12
5 15
29 50
29 23
29 79
50 22
50 75
57 66
57 34
57 39
66 12
66 23
37 42
37 35
37 9
42 76
42 17
11 23
11 71
11 12
26 69
26 45
26 65
69 72
40 77
40 16
40 53
77 28
77 71
27 52
27 19
27 1
52 7
52 41
10 45
10 32
45 21
16 44
70 75
70 49
70 48
75 19
1 51
1 25
51 34
38 46
38 8
38 3
46 74
46 67
28 78
28 36
78 22
78 72
19 63
71 35
24 65
24 2
24 41
65 30
55 61
55 64
55 6
61 60
61 39
25 36
25 64
7 30
7 3
30 63
9 49
9 58
58 6
58 32
18 60
18 13
18 20
60 48
13 76
13 59
76 74
15 73
15 44
73 56
73 44
4 43
4 21
43 59
43 74
17 64
17 6
22 41
56 8
56 68
63 68
14 21
8 67
34 20
2 31
2 79
31 32
31 68
79 48
59 72
3 53
53 67
39 20
