70 105
41 49
41 20
41 10
49 17
49 43
25 32
25 42
25 6
32 7
32 36
1 40
1 18
1 4
40 45
40 62
26 39
26 50
26 28
39 13
39 56
29 59
29 23
29 30
59 46
59 68
21 55
21 61
21 24
55 43
55 60
9 35
9 3
9 6
35 3
35 66
27 34
27 31
27 11
34 8
34 19
12 52
12 33
12 64
52 67
52 11
37 63
37 58
37 53
63 15
63 20
30 57
30 51
57 48
57 69
38 46
38 50
38 4
46 5
23 45
23 22
45 14
47 48
47 36
47 0
48 44
68 24
68 50
2 61
2 13
2 8
61 31
3 66
7 60
7 16
60 42
8 44
19 51
19 44
58 54
58 11
42 54
54 18
14 65
14 43
65 33
65 64
22 64
22 13
67 10
67 53
31 28
16 53
16 18
5 6
5 56
28 66
33 69
24 62
62 4
36 0
0 15
69 10
15 51
17 20
17 56
