100 150
55 57
55 83
55 69
57 46
57 47
16 29
16 15
16 35
29 97
29 9
50 61
50 76
50 87
61 26
61 31
73 99
73 33
73 2
99 33
99 53
46 38
46 12
10 70
10 49
10 90
70 19
70 81
40 59
40 18
40 13
59 86
59 45
66 96
66 32
66 14
96 24
96 18
38 43
38 15
23 91
23 54
23 77
91 69
91 71
65 72
65 92
65 69
72 53
72 0
5 30
5 36
5 22
30 27
30 60
14 42
14 8
42 11
42 32
54 2
54 93
1 17
1 78
1 43
17 62
17 32
15 90
47 63
47 39
62 89
62 9
43 71
71 75
83 89
83 80
89 84
7 60
7 24
7 63
60 53
88 97
88 26
88 22
97 64
79 94
79 74
79 12
94 86
94 6
35 80
35 64
49 67
49 37
77 51
77 64
2 56
19 20
19 67
13 51
13 4
51 90
80 92
20 44
20 52
44 9
44 27
74 95
74 25
3 37
3 34
3 0
37 27
92 28
52 85
52 34
85 95
85 4
33 25
24 6
12 8
56 6
56 25
78 76
78 36
63 81
81 11
28 68
28 31
68 58
68 48
4 86
26 45
95 41
45 84
0 36
39 82
39 58
82 48
82 67
21 31
21 8
21 87
18 22
76 87
34 84
41 75
41 93
75 98
98 48
98 93
11 58
