60 90
10 34
10 15
10 55
34 38
34 56
13 33
13 40
13 49
33 29
33 51
7 17
7 25
7 40
17 9
17 50
14 22
14 42
14 32
22 4
22 41
9 5
9 38
12 43
12 21
12 53
43 29
43 50
0 23
0 11
0 58
23 38
23 49
35 44
35 45
35 32
44 27
44 53
19 57
19 16
19 15
57 21
57 31
2 59
2 31
2 46
59 52
59 16
3 24
3 5
3 39
24 4
24 40
29 30
42 47
42 6
21 20
1 26
1 25
1 18
26 52
26 37
25 27
27 54
54 46
54 53
30 50
30 6
20 51
20 45
51 55
11 48
11 28
48 18
48 55
46 16
15 37
49 6
47 52
47 8
8 36
8 31
36 56
36 58
5 41
28 32
28 45
4 58
18 41
56 39
37 39
