90 381
0 6
0 11
0 14
0 15
0 18
0 32
0 60
0 72
1 3
1 8
1 15
1 16
1 21
1 27
1 34
1 44
1 56
1 57
1 69
1 81
1 84
2 14
2 30
2 39
2 54
2 66
2 70
2 77
2 85
3 25
3 52
3 58
3 71
3 86
4 21
4 32
4 59
4 61
4 76
4 77
4 83
4 88
4 89
5 39
5 47
5 50
5 54
5 68
5 78
5 83
5 84
6 7
6 19
6 33
6 42
6 45
6 62
6 73
6 79
6 88
6 89
7 19
7 21
7 22
7 25
7 31
7 33
7 43
8 44
8 46
8 64
8 70
8 73
8 77
8 86
9 28
9 36
9 40
9 71
9 78
9 80
9 83
9 89
10 16
10 27
10 29
10 33
10 44
10 48
10 51
10 58
10 65
10 70
10 78
10 88
11 28
11 32
11 49
11 50
11 77
11 78
11 89
12 19
12 40
12 44
12 54
12 63
12 84
13 18
13 21
13 25
13 44
13 55
13 59
13 80
13 86
14 31
14 32
14 38
14 40
14 67
14 72
14 76
14 83
14 86
15 18
15 29
15 72
15 74
15 88
16 31
16 54
16 57
16 59
16 60
16 64
16 75
17 31
17 36
17 47
17 52
17 55
17 59
17 61
17 65
18 32
18 34
18 36
18 46
18 64
18 80
18 86
18 89
19 41
19 49
19 59
19 67
19 83
19 89
20 24
20 31
20 40
20 50
20 56
20 81
20 85
21 25
21 35
21 44
21 78
22 32
22 51
22 56
22 57
22 59
22 62
22 72
23 25
23 84
23 85
24 43
24 48
24 76
24 85
24 86
25 29
25 50
25 58
25 69
25 72
25 84
26 37
26 38
26 49
26 51
26 54
26 67
26 78
27 30
27 55
27 76
27 81
27 86
28 37
28 50
28 72
28 73
28 76
29 55
29 72
29 74
29 84
29 85
30 33
30 42
30 50
30 53
30 75
31 48
31 51
31 69
31 82
31 84
32 38
32 45
32 82
32 84
33 46
33 47
33 65
33 71
33 74
34 35
34 65
34 69
34 81
34 85
35 40
35 57
35 58
35 65
35 79
35 83
36 70
37 43
37 75
38 59
38 65
38 69
38 72
38 75
38 77
39 46
39 70
40 53
40 62
40 82
40 86
40 88
41 54
41 57
41 61
41 77
42 49
42 51
42 64
42 81
43 49
43 51
43 56
43 67
43 75
43 83
44 45
44 50
44 71
44 74
45 56
45 59
45 61
45 70
46 52
46 58
46 59
46 67
46 68
46 73
47 73
47 74
47 77
47 78
47 83
48 51
48 57
48 74
48 84
48 86
48 89
49 54
49 61
49 75
49 76
50 57
50 68
50 69
50 82
51 59
51 60
51 64
51 71
51 73
51 75
51 80
51 81
52 60
52 61
52 73
53 58
53 77
53 87
54 58
54 64
54 77
54 83
54 86
55 75
55 87
56 64
56 72
56 79
56 89
57 72
57 77
58 66
58 68
58 73
58 85
59 61
59 62
59 74
59 75
59 79
59 87
60 63
60 89
61 75
61 76
62 71
63 67
63 70
63 79
63 84
63 85
64 75
64 80
64 83
66 69
66 89
67 72
67 74
70 75
70 86
71 77
71 85
73 74
73 87
75 77
75 79
76 80
76 81
76 82
76 83
77 80
77 83
79 84
79 89
81 82
81 88
82 84
86 87
87 88
