60 200
0 1
0 7
0 11
0 24
0 25
0 29
0 34
0 37
1 2
1 5
1 6
1 13
1 26
1 36
1 53
2 11
2 12
2 20
2 23
2 42
2 50
3 9
3 13
3 19
3 22
3 29
3 31
3 41
3 42
3 45
3 53
4 11
4 12
4 13
4 26
4 48
5 19
5 21
5 48
5 55
6 28
6 43
6 45
6 46
6 58
7 16
7 38
7 47
7 55
8 24
8 30
8 32
8 49
8 59
9 50
9 54
9 55
10 27
10 48
10 52
11 15
11 21
11 23
11 26
11 28
11 36
11 37
12 46
13 17
13 21
13 27
13 47
13 48
13 58
14 35
14 46
15 20
15 34
15 38
15 42
16 17
16 20
16 21
16 43
16 47
17 22
17 27
17 38
17 48
18 19
18 22
18 30
19 29
19 59
20 24
20 30
20 33
20 37
20 40
20 41
20 47
20 50
20 55
21 28
21 32
21 38
21 42
21 48
21 57
21 58
21 59
22 23
22 26
22 45
22 46
22 57
23 34
23 36
23 42
23 54
24 40
24 43
24 49
24 54
25 31
25 39
25 40
25 51
25 52
26 27
26 43
26 44
26 52
27 54
27 55
27 58
28 34
28 40
28 51
28 54
29 31
29 34
29 47
29 48
29 50
29 51
29 56
29 59
30 52
30 54
31 42
31 56
31 57
32 33
32 43
32 44
32 47
32 57
32 59
33 34
33 46
33 56
34 35
34 38
34 42
35 37
35 45
35 50
36 37
36 44
36 56
37 40
38 39
38 43
38 45
38 52
38 56
39 47
40 47
40 51
40 52
41 51
41 57
42 55
43 45
43 50
43 55
44 53
44 56
44 59
46 47
48 49
49 50
50 55
53 55
53 58
54 56
54 59
56 59
58 59
