50 134
0 10
0 21
0 22
0 26
0 27
0 38
0 42
0 44
0 48
1 4
1 12
1 23
2 4
2 5
2 6
2 21
2 28
2 38
2 44
2 45
3 34
3 43
3 45
4 15
4 45
5 31
5 36
5 38
5 41
7 9
7 10
7 32
7 35
7 44
8 15
8 18
8 24
8 42
8 45
8 47
8 49
9 15
9 19
9 27
9 30
9 39
9 46
10 28
11 14
11 20
11 35
11 40
11 44
11 49
12 18
12 25
12 26
12 28
12 34
12 39
12 41
13 17
13 25
13 33
13 44
14 15
14 22
14 25
14 35
15 29
15 39
15 42
16 21
16 24
16 44
17 20
17 21
17 22
17 35
17 43
18 24
18 37
18 44
19 20
19 29
19 45
20 44
21 22
21 28
21 31
21 38
21 41
22 26
22 32
22 34
22 37
22 47
23 25
24 30
25 32
25 42
27 45
28 38
29 32
29 33
29 39
29 47
30 35
30 47
32 41
33 34
33 43
33 45
33 47
34 37
34 45
35 37
35 38
35 41
35 42
36 46
37 39
37 46
38 44
38 48
39 40
40 46
41 42
41 44
41 47
42 47
42 49
44 46
45 47
