100 529
0 8
0 9
0 18
0 19
0 29
0 45
0 48
0 50
0 54
0 60
0 89
0 94
1 5
1 27
1 30
1 45
1 46
1 47
1 55
1 60
1 61
1 82
1 89
2 3
2 25
2 26
2 31
2 32
2 33
2 38
2 42
2 60
2 66
2 92
3 9
3 21
3 34
3 39
3 49
3 58
3 66
3 74
3 86
3 98
4 13
4 19
4 20
4 26
4 31
4 41
4 49
4 68
4 76
4 79
4 80
4 95
5 7
5 18
5 20
5 37
5 40
5 54
5 61
5 74
5 78
5 85
6 13
6 24
6 31
6 55
6 56
6 60
6 67
6 87
6 88
6 91
6 93
7 25
7 41
7 50
7 68
7 72
7 77
7 87
7 94
8 11
8 38
8 48
8 51
8 70
8 83
8 89
8 97
9 19
9 20
9 35
9 43
9 48
9 59
9 77
9 79
9 86
9 89
10 13
10 14
10 21
10 26
10 31
10 38
10 47
10 53
10 67
10 82
10 85
11 13
11 14
11 24
11 27
11 37
11 38
11 41
11 42
11 49
11 66
11 69
11 73
11 79
11 87
11 88
11 97
11 98
12 32
12 33
12 49
12 95
12 96
13 14
13 15
13 21
13 32
13 36
13 39
13 50
13 60
13 74
13 81
13 85
13 87
13 92
13 99
14 16
14 20
14 35
14 41
14 60
14 64
14 66
14 80
15 23
15 30
15 32
15 34
15 44
15 56
15 57
15 78
15 79
15 84
15 86
15 98
16 68
16 78
16 82
16 89
17 49
17 55
18 26
18 44
18 48
18 73
18 80
18 88
19 22
19 25
19 31
19 33
19 34
19 43
19 50
19 76
19 88
19 91
19 94
20 24
20 29
20 31
20 32
20 36
20 38
20 42
20 58
20 60
20 80
21 40
21 48
21 52
21 53
21 54
21 58
21 67
21 70
21 84
21 88
21 97
21 99
22 26
22 27
22 46
22 51
22 52
22 65
22 66
22 80
23 24
23 49
23 52
23 59
23 76
23 83
24 27
24 54
24 57
24 74
24 79
24 85
24 87
25 30
25 32
25 37
25 40
25 46
25 50
25 53
25 60
25 61
25 70
25 93
26 27
26 29
26 37
26 47
26 48
26 49
26 52
26 59
26 64
26 68
26 72
26 73
26 80
26 99
27 42
27 58
27 59
27 72
27 85
27 95
27 97
28 34
28 36
28 39
28 74
28 77
29 35
29 70
29 76
29 83
29 88
29 89
29 92
29 99
30 42
30 73
30 82
30 94
31 34
31 38
31 42
31 50
31 63
31 65
31 72
31 74
31 80
32 74
32 81
32 96
32 97
33 42
33 56
33 61
33 68
33 75
33 76
33 99
34 49
34 64
34 88
34 93
35 38
35 44
35 46
35 60
35 69
35 75
35 82
35 93
35 94
36 50
36 55
36 57
36 62
36 71
36 85
36 87
36 99
37 47
37 52
37 53
37 67
37 77
37 84
37 95
37 97
38 52
38 53
38 55
38 69
38 70
38 76
38 96
39 46
39 55
39 67
39 79
39 86
39 87
40 55
40 62
40 68
40 82
40 91
40 98
41 50
41 76
41 82
42 61
42 69
42 85
42 92
43 56
43 59
43 93
44 45
44 51
44 55
44 67
44 69
44 81
44 83
44 91
44 95
45 46
45 53
45 59
45 61
45 96
46 58
46 61
46 66
46 80
47 51
47 69
47 72
47 73
47 88
47 96
47 98
48 54
48 65
48 79
48 80
48 85
48 86
49 53
49 54
49 81
49 84
49 93
49 97
50 63
50 64
50 83
50 90
51 52
51 63
51 69
51 78
51 83
52 70
52 75
52 85
52 99
53 55
53 59
53 72
53 80
53 99
54 56
54 63
54 98
55 61
55 76
55 78
55 85
55 95
56 58
56 60
56 66
56 78
56 86
56 90
56 91
57 66
57 69
57 77
57 94
57 96
57 98
58 62
58 63
58 64
58 67
58 78
58 82
58 86
59 60
59 61
59 83
60 93
61 65
61 84
62 79
62 80
62 87
62 98
63 75
63 81
63 94
64 66
64 68
64 93
65 69
65 89
65 96
66 69
66 73
66 84
67 76
67 92
67 93
67 94
67 99
68 73
68 85
68 86
68 91
68 93
68 96
69 70
69 73
69 78
69 90
69 95
70 76
70 86
71 75
71 82
72 76
72 85
72 89
73 77
73 85
74 80
74 91
75 76
75 83
75 84
76 78
76 79
76 86
76 91
76 96
77 90
77 94
78 85
79 81
79 98
80 86
80 87
81 91
81 92
82 90
82 93
83 84
83 99
84 85
84 87
84 90
85 87
85 93
86 87
86 95
86 98
87 90
87 97
89 94
94 96
96 97
