70 256
0 13
0 20
0 43
0 49
1 6
1 7
1 16
1 18
1 37
1 62
2 7
2 12
2 18
2 25
2 26
2 44
2 45
2 60
3 4
3 26
3 39
3 44
3 50
3 68
4 9
4 16
4 43
4 50
5 12
5 14
5 15
5 34
5 35
5 38
5 53
5 67
6 20
6 21
6 37
6 48
7 9
7 19
7 22
7 27
7 32
7 40
7 43
7 51
7 61
7 64
8 10
8 13
8 26
8 48
8 50
8 59
8 67
9 19
9 27
9 30
9 36
9 40
9 44
9 51
9 58
9 63
9 67
10 25
10 39
10 46
10 54
10 62
11 18
11 19
11 30
11 33
11 52
11 65
12 26
12 29
12 31
12 32
12 46
12 51
13 18
13 21
13 24
13 30
13 34
13 36
13 44
13 50
14 25
14 34
14 36
14 45
14 51
15 24
15 33
15 53
15 56
16 34
16 41
16 60
17 18
17 19
17 58
18 27
18 28
18 30
18 41
18 46
18 49
18 58
19 22
19 28
19 29
19 30
19 32
19 37
19 39
19 50
19 54
19 56
19 67
20 23
20 24
20 50
20 66
20 69
21 32
21 37
21 47
21 62
21 63
22 24
22 33
22 54
22 67
23 43
23 50
23 52
23 59
23 60
23 63
24 54
24 68
25 28
25 59
25 60
26 46
26 48
26 65
26 69
27 29
27 48
27 49
28 30
28 45
28 48
28 50
28 52
29 33
29 38
29 54
29 68
30 31
30 34
30 42
30 64
31 44
31 65
31 67
31 69
32 34
32 45
32 59
32 68
33 36
33 37
33 45
33 48
33 64
34 39
34 42
34 43
35 53
36 47
36 67
37 38
37 40
37 54
37 55
37 68
39 50
40 44
40 49
40 50
40 55
40 60
41 52
42 43
42 49
42 52
42 59
42 63
42 64
42 69
43 46
43 47
43 51
43 62
43 67
44 54
45 46
45 50
45 69
46 47
46 52
46 58
47 53
47 62
48 52
48 53
48 62
48 69
49 54
49 62
49 65
49 69
50 53
50 63
51 53
52 55
52 62
52 68
53 60
53 66
53 69
54 57
54 58
54 59
54 64
55 64
55 68
57 63
57 69
60 61
60 63
60 65
60 66
60 67
61 62
63 64
63 65
65 67
