90 135
4 64
4 15
4 81
64 80
64 45
27 59
27 2
27 28
59 42
59 84
52 58
52 3
52 63
58 3
58 26
5 65
5 75
5 6
65 43
65 19
22 53
22 47
22 31
53 32
53 29
44 84
44 51
44 32
84 43
79 81
79 51
79 70
81 54
21 73
21 68
21 1
73 17
73 77
80 0
80 25
42 20
42 62
60 76
60 9
60 20
76 39
76 85
11 71
11 54
11 35
71 56
71 87
2 68
2 30
68 72
49 55
49 30
49 83
55 24
55 37
6 50
6 72
50 8
50 38
0 89
0 19
57 77
57 7
57 41
77 26
1 17
1 74
17 16
33 40
33 12
33 82
40 45
40 15
8 56
8 23
54 34
14 72
14 69
14 16
32 66
9 67
9 37
67 74
67 61
45 43
20 62
74 46
15 18
18 61
18 10
16 46
39 23
39 12
48 88
48 35
48 66
88 78
88 51
56 38
38 28
29 75
29 19
75 34
7 62
7 24
13 78
13 41
13 24
78 85
36 61
36 63
36 83
3 47
12 70
70 86
30 63
66 41
26 83
89 86
89 10
37 28
46 86
34 31
69 10
69 25
23 35
87 82
87 25
82 31
85 47
