100 196
0 1
0 2
0 3
0 5
0 6
0 7
0 9
0 12
0 14
0 16
0 17
0 19
0 25
0 28
0 29
0 38
0 39
0 78
0 86
0 91
0 93
0 98
1 51
1 52
1 56
2 3
2 4
2 5
2 26
2 48
2 52
2 62
2 76
2 78
3 4
3 8
3 10
3 12
3 15
3 21
3 25
3 28
3 30
3 32
3 40
3 42
3 48
3 60
3 64
3 68
3 73
3 80
3 83
4 23
4 66
4 79
5 6
5 10
5 17
5 18
5 30
5 36
5 45
5 55
5 59
5 61
5 72
5 75
5 85
6 7
6 9
6 13
6 27
6 33
6 61
6 79
6 83
6 86
6 88
6 94
6 97
7 8
7 11
7 22
7 32
7 39
7 72
8 47
8 58
9 11
9 14
9 15
9 21
9 26
9 56
9 71
9 74
9 75
9 88
9 93
10 16
10 20
10 23
10 24
10 36
10 40
10 47
10 49
11 13
11 20
11 57
12 46
12 62
12 63
12 65
12 77
13 19
13 35
13 95
14 18
14 34
14 96
16 29
16 31
16 43
16 46
16 49
16 59
16 63
16 77
16 95
18 27
19 35
19 41
19 51
19 64
19 74
19 89
20 22
20 57
20 71
20 82
21 54
21 67
23 24
23 37
23 38
24 37
25 31
25 34
25 44
26 33
26 81
27 58
30 41
30 85
30 87
31 43
31 81
33 54
34 70
34 91
35 44
36 70
38 84
39 42
39 45
39 50
39 53
39 84
41 53
41 66
41 99
43 82
44 50
44 60
44 87
50 55
50 76
55 69
56 67
58 65
58 97
61 80
63 68
63 90
65 73
67 96
68 69
69 89
78 92
80 90
81 98
83 94
88 92
96 99
