100 196
0 1
0 2
0 4
0 5
0 6
0 10
0 13
0 15
0 19
0 24
0 25
0 26
0 28
0 29
0 35
0 40
0 43
0 45
0 48
0 55
0 85
0 90
0 95
1 3
1 6
1 11
1 12
1 21
1 27
1 31
1 32
1 36
1 44
1 46
1 57
1 63
1 65
1 68
1 73
1 85
1 87
1 97
2 3
2 7
2 40
2 67
2 72
3 4
3 5
3 9
3 10
3 12
3 14
3 16
3 18
3 20
3 23
3 24
3 31
3 33
3 34
3 39
3 47
3 53
3 54
3 59
3 71
3 74
3 82
3 88
3 89
3 90
3 96
3 99
4 8
4 9
4 13
4 14
4 15
4 19
4 21
4 23
4 26
4 43
4 50
4 51
4 58
4 70
5 7
5 8
5 17
5 25
5 30
5 32
5 33
5 37
5 42
5 56
5 60
5 67
5 84
6 22
6 88
7 17
7 18
7 20
7 54
9 36
9 41
10 11
10 16
10 30
10 38
10 56
10 62
10 63
10 69
12 86
13 44
13 89
14 45
14 58
15 80
17 57
17 72
17 81
18 97
19 22
19 27
20 61
22 35
22 66
23 34
23 47
23 55
23 61
23 62
24 41
24 48
24 49
24 52
24 60
24 77
25 28
25 29
26 52
27 95
28 49
28 94
29 65
29 68
29 76
29 79
29 91
29 93
29 99
31 70
31 71
33 38
33 53
36 37
36 39
36 59
36 83
37 64
40 42
43 91
44 94
45 46
45 50
47 51
48 64
49 73
50 66
51 84
52 92
56 69
56 79
57 75
59 93
60 83
62 96
63 74
63 78
66 98
68 92
73 75
73 78
73 82
74 76
74 77
74 80
74 81
77 98
78 86
86 87
