100 196
0 1
0 2
0 3
0 4
0 22
0 31
0 53
0 59
0 68
0 87
0 95
1 3
1 5
1 8
1 17
1 18
1 19
1 28
1 29
1 30
1 38
1 60
1 62
1 76
1 86
1 94
2 4
2 13
2 16
2 46
2 49
2 58
2 84
2 88
3 6
3 7
3 9
3 10
3 12
3 23
3 26
3 31
3 33
3 40
3 45
3 52
3 54
3 85
3 93
4 5
4 8
4 10
4 11
4 15
4 16
4 18
4 20
4 25
4 27
4 29
4 43
4 48
4 56
4 59
4 65
4 72
4 75
4 77
4 78
4 79
4 83
4 90
4 94
4 99
5 6
5 9
5 12
5 20
5 23
5 28
5 34
5 37
5 41
5 71
5 73
5 80
6 7
6 14
6 15
6 30
6 34
6 36
6 42
6 92
7 14
7 17
7 19
7 21
7 22
7 33
7 51
7 53
7 74
7 75
8 24
8 26
8 64
8 68
9 13
9 24
9 25
9 32
9 35
9 39
9 48
9 72
9 96
10 11
10 37
10 56
10 61
11 46
11 47
11 55
14 27
15 32
15 42
15 81
15 87
17 76
19 21
22 50
23 44
24 41
24 60
24 63
24 73
24 89
25 39
25 47
25 65
25 77
26 66
26 98
29 43
29 52
32 36
32 70
32 95
32 96
33 35
33 64
33 90
33 91
35 38
35 63
35 80
36 49
36 61
37 44
37 50
37 97
39 40
39 45
39 67
39 83
39 99
40 58
41 69
41 82
42 85
44 51
44 54
44 55
44 67
44 98
46 66
46 82
47 57
51 57
53 81
54 69
54 71
54 78
54 84
55 89
56 62
56 97
57 93
64 91
65 70
65 92
68 74
69 86
71 79
73 88
