100 196
0 1
0 2
0 3
0 5
0 8
0 10
0 11
0 13
0 14
0 17
0 22
0 24
0 25
0 36
0 46
0 57
0 78
0 91
0 96
1 3
1 4
1 6
1 8
1 9
1 12
1 15
1 18
1 21
1 23
1 29
1 37
1 40
1 43
1 44
1 49
1 53
1 55
1 61
1 64
1 67
1 80
1 93
1 96
2 36
2 39
3 4
3 6
3 16
3 17
3 20
3 23
3 26
3 28
3 32
3 33
3 43
3 45
3 47
3 49
3 53
3 66
3 71
4 5
4 7
4 10
4 13
4 21
4 31
4 42
4 48
4 55
4 58
4 63
4 64
4 70
4 79
4 80
4 86
6 7
6 83
7 9
7 16
7 18
7 19
7 24
7 27
7 35
7 46
7 48
7 68
7 74
7 95
8 33
8 34
8 38
8 52
8 73
8 77
8 94
9 87
10 11
10 15
10 19
10 82
11 12
11 22
11 31
11 42
11 50
11 58
11 63
11 65
11 69
11 78
11 86
12 14
12 27
12 28
12 38
13 35
14 32
14 40
15 34
15 51
15 59
15 69
15 84
15 99
16 30
19 20
19 37
19 57
19 74
19 90
20 41
20 65
21 26
21 54
21 60
22 25
22 76
23 39
23 83
24 91
25 30
25 56
26 29
26 44
26 50
26 68
26 75
26 85
27 41
27 45
27 66
27 79
27 93
27 97
28 56
28 85
28 97
30 52
30 76
30 77
30 89
31 67
32 89
34 72
36 95
37 60
38 59
39 72
40 47
40 54
41 51
42 62
42 90
46 61
47 87
51 70
53 75
60 62
61 81
61 82
65 84
65 98
67 88
68 71
68 99
69 73
69 92
73 98
78 81
79 92
83 88
84 94
