100 196
0 1
0 2
0 3
0 4
0 5
0 11
0 12
0 19
0 37
0 38
0 71
0 92
1 5
1 21
1 51
1 53
1 83
1 89
1 97
2 3
3 4
3 6
3 8
3 9
3 16
3 18
3 21
3 23
3 24
3 47
3 55
3 57
3 79
3 91
3 93
3 94
4 8
4 10
4 15
4 22
4 27
4 29
4 41
4 69
4 82
4 90
5 6
5 7
5 11
5 17
5 20
5 25
5 26
5 37
5 39
5 42
5 50
5 54
5 59
5 70
5 73
5 88
6 7
6 17
6 33
6 43
6 56
6 60
6 68
6 73
6 80
6 94
7 9
7 10
7 14
7 20
7 25
7 30
7 35
7 36
7 39
7 49
7 55
7 64
7 92
8 13
8 32
8 43
8 48
8 60
8 61
8 78
9 16
9 18
9 23
9 40
9 58
9 62
9 65
9 72
10 13
10 24
10 26
10 28
10 29
10 52
10 53
10 58
10 64
10 66
10 67
10 68
10 84
11 12
11 19
11 41
11 56
11 59
11 61
11 72
11 75
11 83
11 91
12 14
12 30
12 49
12 74
12 76
13 27
13 34
13 54
13 67
13 84
14 15
14 28
14 31
14 32
14 36
14 50
14 90
14 98
15 22
15 35
15 74
15 81
16 96
18 45
18 46
19 38
19 47
19 85
20 42
20 46
20 52
21 40
21 86
23 44
23 81
23 89
24 78
24 98
26 63
26 87
27 33
28 34
28 85
29 31
31 44
31 63
31 77
32 48
32 71
32 87
37 76
38 45
38 79
39 65
39 69
41 57
43 82
43 99
47 51
49 70
51 96
53 86
54 99
55 95
58 66
59 62
61 80
69 75
74 77
77 95
82 93
83 88
94 97
