100 196
0 1
0 2
0 4
0 6
0 7
0 8
0 9
0 28
0 83
1 3
1 5
1 6
1 7
1 11
1 18
1 21
1 22
1 29
1 51
1 60
1 67
1 75
2 3
2 4
2 5
2 9
2 15
2 18
2 25
2 41
2 42
2 96
2 97
2 98
4 19
4 32
4 34
4 39
4 40
4 44
4 50
4 52
4 55
4 63
4 67
4 68
4 80
4 84
4 86
4 90
4 94
5 10
5 11
5 12
5 33
5 34
5 37
5 53
5 77
6 17
6 20
6 26
6 27
6 31
6 93
7 8
7 10
7 13
7 16
7 19
7 69
8 17
8 24
8 31
8 36
8 54
9 13
9 20
9 21
9 23
9 33
9 39
9 43
9 50
9 64
9 79
10 12
10 15
10 30
10 58
10 63
10 76
10 88
11 14
11 22
11 32
11 35
11 66
12 14
12 28
12 43
12 54
12 97
14 16
14 26
14 29
14 44
14 72
15 62
16 27
16 57
16 64
16 65
16 82
16 92
17 24
17 47
18 71
19 37
19 46
19 94
20 83
21 59
22 23
22 35
22 57
22 78
22 99
23 52
23 61
23 72
23 78
24 25
24 30
24 48
24 49
24 55
24 95
25 38
25 41
25 45
25 62
25 81
25 85
25 93
25 96
26 90
27 49
27 73
28 66
28 89
28 92
28 95
29 36
29 42
29 48
29 51
29 75
29 89
30 60
30 81
31 98
33 38
33 40
33 68
34 46
34 47
35 56
38 45
38 71
40 56
40 85
41 59
42 87
42 91
43 86
48 58
48 70
49 70
49 73
50 53
50 61
51 88
52 69
52 74
53 82
54 84
57 87
59 74
59 76
61 65
61 77
64 99
70 79
71 80
72 91
