100 196
0 1
0 2
0 3
0 4
0 5
0 9
0 11
0 12
0 14
0 16
0 18
0 33
0 36
0 40
0 50
0 58
0 86
0 87
1 5
1 7
1 11
1 17
1 20
1 22
1 24
1 28
1 30
1 31
1 44
1 46
1 66
1 75
1 83
1 86
2 3
2 4
2 6
2 8
2 9
2 10
2 15
2 23
2 33
2 49
2 51
2 78
2 85
2 91
4 43
4 54
4 55
4 98
5 6
5 7
5 13
5 23
5 25
5 34
5 42
5 84
6 17
6 18
6 21
6 89
6 90
7 8
7 12
7 13
7 34
7 36
7 52
7 54
7 77
7 91
7 93
8 14
8 15
8 19
8 68
9 10
9 30
9 51
9 61
9 64
10 21
10 27
10 62
10 65
10 73
12 24
12 26
12 41
12 45
12 50
13 27
13 39
13 40
13 45
13 57
13 60
13 69
14 32
14 49
14 64
14 66
14 69
15 16
15 20
15 25
15 26
15 28
15 29
15 37
15 41
15 55
15 71
15 72
15 79
15 80
15 93
15 96
15 98
16 31
16 52
16 70
16 73
17 19
17 22
17 29
17 38
17 42
17 48
17 57
17 58
17 63
17 67
17 94
19 90
21 38
21 44
22 47
22 48
22 68
23 32
23 60
23 87
25 47
26 37
26 53
26 92
31 75
32 35
32 63
32 82
33 35
33 43
33 92
35 81
36 76
37 39
37 53
37 56
37 76
38 95
39 72
41 59
41 65
41 70
42 59
42 61
43 97
45 46
45 62
45 67
45 83
45 94
45 99
49 88
51 95
52 56
52 78
52 79
52 80
52 84
59 77
62 99
64 82
65 85
66 96
67 71
67 81
68 74
69 74
73 88
73 89
80 97
