100 196
0 1
0 2
0 3
0 4
0 7
0 10
0 14
0 17
0 23
0 25
0 35
0 49
0 56
0 63
1 4
1 5
1 6
1 11
1 12
1 19
1 20
1 24
1 25
1 26
1 27
1 28
1 29
1 31
1 33
1 35
1 38
1 39
1 48
1 49
1 51
1 55
1 64
1 71
1 72
1 76
1 77
1 81
1 86
1 88
1 89
1 95
2 3
2 8
2 11
2 13
2 15
2 16
2 20
2 21
2 22
2 41
2 47
2 59
2 60
2 61
2 63
2 70
2 81
2 83
3 5
3 6
3 9
3 18
3 24
3 40
3 52
3 67
3 84
3 91
4 7
4 12
4 13
4 15
4 16
4 18
4 19
4 38
4 41
4 43
4 44
4 45
4 53
4 85
4 98
6 21
6 28
6 33
6 42
6 54
6 57
7 8
7 9
7 10
7 37
7 42
7 46
7 50
7 71
7 79
8 14
8 31
8 46
8 68
9 30
9 83
9 87
9 98
10 34
10 40
10 58
12 17
12 23
12 53
12 55
12 60
12 84
13 37
13 48
13 57
13 75
14 22
14 29
14 36
14 62
14 67
14 73
14 82
14 89
15 30
15 50
15 56
15 61
16 36
16 43
16 47
16 79
16 85
17 51
17 59
18 32
18 64
18 80
19 34
20 27
21 44
24 72
24 76
25 26
25 32
25 39
26 66
27 58
28 94
29 65
31 73
31 93
33 69
33 82
33 87
33 93
34 65
36 91
36 96
38 45
38 54
38 90
38 94
38 97
42 92
44 75
44 78
47 68
47 74
48 52
51 80
52 62
53 74
53 77
53 78
53 88
56 66
57 69
57 92
58 90
58 96
62 70
62 86
72 99
73 95
75 99
91 97
