100 196
0 1
0 2
0 4
0 5
0 6
0 7
0 8
0 10
0 14
0 22
0 30
0 38
0 69
1 3
1 4
1 5
1 6
1 7
1 10
1 17
1 19
1 24
1 27
1 28
1 29
1 61
1 65
1 69
1 74
1 81
1 92
2 3
2 23
2 28
2 35
2 38
2 52
2 87
3 21
3 33
4 8
4 13
4 22
4 25
4 26
4 43
4 44
4 51
4 54
4 56
4 65
4 73
4 80
4 99
5 9
5 12
5 20
5 27
5 29
5 45
5 49
5 75
6 9
6 11
6 15
6 16
6 39
6 40
6 47
6 72
6 91
7 12
7 13
7 30
7 31
7 47
7 49
7 66
7 80
7 88
8 14
8 37
8 43
8 57
8 89
8 90
9 34
9 46
10 11
10 15
10 18
10 26
10 51
10 60
10 75
10 86
10 93
10 95
10 96
11 16
11 20
11 56
11 94
12 25
12 50
13 32
13 59
13 63
13 64
13 71
14 18
14 40
14 53
14 67
14 92
15 17
15 19
15 21
15 24
15 36
16 45
16 63
16 82
16 83
16 84
17 46
17 94
18 23
18 32
18 35
18 48
18 77
19 33
19 41
19 54
19 73
19 82
19 97
20 53
20 90
21 36
21 50
21 61
21 71
21 78
23 31
23 37
25 34
25 58
26 42
27 48
28 55
29 41
32 42
32 44
32 66
33 39
33 79
33 89
34 52
34 64
34 76
34 78
34 85
36 62
36 68
37 68
39 55
40 58
41 74
43 70
44 62
44 86
45 60
46 91
50 57
50 59
50 96
50 99
52 83
53 77
55 85
57 98
58 67
58 97
59 87
60 70
60 98
69 72
69 88
70 93
70 95
71 76
73 79
73 81
83 84
