100 196
0 1
0 2
0 3
0 4
0 5
0 8
0 9
0 29
0 46
0 50
0 71
0 75
0 99
2 3
2 29
2 33
2 39
2 53
2 97
3 4
3 5
3 7
3 10
3 13
3 15
3 19
3 21
3 23
3 27
3 40
3 68
3 87
3 98
4 6
4 7
4 24
4 26
4 32
4 37
4 44
4 49
4 56
4 58
5 6
5 11
5 15
5 59
5 95
6 11
6 14
6 16
6 60
6 61
6 62
7 8
7 23
7 33
7 48
7 91
8 9
8 10
8 12
8 17
8 18
8 20
8 22
8 24
8 26
8 27
8 28
8 34
8 36
8 49
8 50
8 54
8 55
8 58
8 63
8 66
8 72
8 76
8 80
8 90
8 93
9 12
9 14
9 22
9 31
9 38
9 63
10 13
10 16
11 41
13 18
13 52
14 81
15 20
15 32
15 56
15 59
15 62
15 67
15 69
16 17
16 21
16 25
16 37
16 41
16 44
16 52
16 79
17 19
17 28
17 51
17 57
17 64
17 68
17 92
18 36
18 61
18 70
18 73
18 89
21 31
21 38
21 75
22 34
22 35
22 42
23 30
23 43
23 54
23 71
23 77
24 25
24 47
24 84
26 43
26 45
26 64
26 80
26 91
27 35
27 40
27 92
29 30
29 46
30 39
30 48
30 90
31 57
31 85
31 97
32 65
34 73
35 60
37 77
38 42
38 47
38 69
41 76
42 45
43 83
45 51
46 78
47 65
48 55
48 78
48 94
49 53
49 96
50 70
50 82
52 81
53 84
53 85
53 96
54 67
57 66
58 72
59 79
59 89
62 86
62 94
63 74
66 95
67 82
68 88
69 98
70 74
71 87
71 93
77 83
83 86
84 88
88 99
