100 150
30 46
30 75
30 27
46 5
46 23
26 94
26 49
26 28
94 19
94 74
25 96
25 59
25 11
96 15
96 41
4 73
4 91
4 19
73 51
73 61
36 71
36 66
36 18
71 44
71 82
1 49
1 76
1 16
49 7
53 87
53 39
53 50
87 43
87 74
10 61
10 24
10 83
61 98
59 50
59 80
20 38
20 42
20 52
38 48
38 37
9 17
9 92
9 62
17 93
17 24
23 98
23 58
98 54
85 91
85 16
85 12
91 79
21 55
21 35
21 83
55 72
55 97
18 65
18 57
65 14
65 77
13 99
13 75
13 52
99 6
99 5
33 47
33 86
33 40
47 75
47 79
15 29
15 40
54 88
54 42
88 3
88 16
86 95
86 97
95 68
95 28
51 32
51 34
3 80
3 0
39 0
39 6
92 35
92 44
43 84
43 44
35 34
40 80
81 89
81 83
81 5
89 76
89 27
66 64
66 74
70 77
70 56
70 45
77 48
48 50
42 79
97 8
78 93
78 14
78 67
93 41
7 69
7 56
69 82
69 57
64 68
64 63
72 63
72 11
0 29
14 68
76 29
24 45
37 60
37 27
60 52
60 12
58 67
58 56
67 8
62 82
62 12
32 84
32 34
84 31
41 22
11 63
2 22
2 8
2 90
22 57
6 31
31 19
90 28