100 150
72 82
72 66
72 45
82 62
82 3
2 48
2 50
2 60
48 53
48 7
22 81
22 77
22 34
81 58
81 28
10 70
10 32
10 55
70 25
70 1
23 43
23 44
23 96
43 40
43 1
9 90
9 0
9 91
90 21
90 83
42 50
42 84
42 71
50 89
79 99
79 98
79 15
99 96
99 5
16 40
16 83
16 57
40 18
73 92
73 15
73 97
92 3
92 26
5 67
5 75
67 35
67 88
39 53
39 91
39 58
53 37
0 80
0 56
80 45
80 93
96 33
17 62
17 12
17 95
62 25
30 59
30 47
30 44
59 36
59 88
14 26
14 58
14 78
26 20
77 94
77 20
94 12
94 93
3 35
35 38
7 60
7 49
60 46
15 65
36 98
36 97
1 37
37 69
64 84
64 13
64 52
84 71
45 55
19 61
19 54
19 95
61 11
61 28
20 78
4 27
4 74
4 76
27 86
27 57
13 69
13 66
69 29
86 98
86 32
55 41
83 29
31 74
31 68
31 18
74 21
8 54
8 24
8 85
54 87
51 52
51 88
51 87
52 11
6 93
6 49
6 12
28 75
75 89
24 71
24 91
89 46
25 33
33 41
47 21
47 65
46 95
11 85
87 63
78 76
49 63
44 68
63 32
65 68
41 18
66 29
34 38
34 56
97 56
76 57
38 85
