100 469
0 4
0 11
0 16
0 49
0 63
0 68
0 71
0 72
0 85
0 93
0 97
1 27
1 35
1 37
1 46
1 56
1 68
1 74
1 83
2 37
2 69
2 70
2 75
2 83
3 11
3 13
3 43
3 65
3 86
3 88
3 94
4 9
4 12
4 15
4 18
4 29
4 44
4 66
5 22
5 43
5 66
5 73
5 75
5 91
5 96
6 7
6 9
6 23
6 35
6 42
6 44
6 46
6 64
6 94
7 20
7 31
7 46
7 71
7 74
7 79
7 81
8 16
8 17
8 36
8 39
8 43
8 71
8 85
8 94
9 37
9 44
9 57
9 68
9 79
10 26
10 65
10 67
10 69
10 80
11 37
11 52
11 55
11 66
11 68
12 24
12 32
12 37
12 59
12 77
12 86
12 99
13 16
13 21
13 23
13 43
13 44
13 79
13 95
13 96
14 21
14 30
14 34
14 43
14 47
14 51
14 56
14 65
15 43
15 60
15 66
15 72
15 91
16 33
16 73
17 21
17 22
17 24
17 61
17 74
17 86
17 89
18 19
18 24
18 28
18 34
18 38
18 54
18 62
18 68
18 69
18 84
18 85
18 87
18 90
18 91
19 22
19 24
19 32
19 50
19 51
19 56
19 59
19 61
19 67
19 79
19 92
19 98
20 25
20 29
20 41
20 43
20 51
20 65
20 90
20 92
20 95
21 29
21 54
21 57
21 60
21 88
21 93
21 96
21 97
22 45
22 48
22 57
22 63
22 67
22 88
22 94
23 30
23 52
23 54
23 55
23 56
23 57
23 59
23 63
23 72
23 92
23 94
23 99
24 28
24 43
24 52
24 73
25 50
25 55
25 61
25 63
25 64
25 68
25 82
25 84
25 86
25 91
25 97
25 98
26 30
26 38
26 44
26 56
26 70
26 75
26 92
27 29
27 45
27 54
27 55
27 60
27 69
27 78
27 88
27 92
28 39
28 40
28 41
28 65
29 49
29 59
29 69
29 80
30 31
30 36
30 51
30 83
30 95
31 42
31 44
31 46
31 47
31 58
31 59
31 72
31 83
31 87
31 89
31 91
32 37
32 39
32 69
32 79
32 88
32 93
33 47
33 50
33 56
33 62
33 66
33 76
33 79
33 90
33 91
33 95
34 35
34 63
34 74
34 80
34 84
34 91
35 43
35 44
35 46
35 49
35 54
35 63
35 66
35 81
35 86
35 89
36 44
36 50
36 64
36 67
36 68
36 85
37 42
37 64
37 80
37 86
38 42
38 55
38 58
38 68
38 73
38 77
38 92
39 63
39 73
39 75
39 84
39 95
40 43
40 52
40 54
40 57
40 66
40 88
40 93
40 94
41 48
41 54
41 62
41 69
41 95
42 50
42 87
43 53
43 58
43 72
43 78
44 55
44 62
44 70
44 73
44 93
45 52
45 57
45 60
45 73
45 77
45 79
46 58
46 62
46 71
46 76
46 79
46 81
46 83
46 87
46 93
46 98
47 52
47 53
47 54
47 56
47 58
47 63
47 66
47 93
47 95
47 97
47 99
48 68
48 71
48 78
48 84
48 86
48 93
49 55
49 58
49 77
49 87
49 96
49 97
50 68
50 70
50 72
50 87
51 70
51 74
51 91
51 97
51 99
52 70
52 74
52 90
52 95
52 96
53 57
53 59
53 64
54 58
54 63
54 87
55 69
55 71
55 93
55 96
56 61
56 69
56 78
57 58
57 69
57 74
57 77
57 79
57 81
57 83
57 95
58 68
58 77
58 79
58 86
59 61
59 82
59 85
59 89
60 62
60 89
60 93
61 72
61 74
61 83
61 90
61 93
61 99
62 70
62 73
62 75
63 72
63 77
63 97
64 76
65 96
66 69
66 85
66 90
67 77
67 86
67 94
68 79
69 82
69 95
69 96
69 98
70 92
71 79
71 83
71 85
71 87
71 88
71 94
71 98
72 99
75 82
75 83
76 77
77 80
77 94
78 80
78 87
78 95
79 80
79 83
79 93
79 96
80 93
81 95
82 91
83 85
83 86
83 97
84 86
84 94
84 96
85 87
87 88
88 95
88 96
89 93
90 93
90 99
91 96
91 97
92 99
94 97
94 99
