100 502
0 14
0 51
0 83
1 3
1 28
1 33
1 40
1 47
1 64
1 84
1 85
1 89
1 92
1 96
1 98
2 13
2 15
2 35
2 60
2 69
2 72
2 81
2 85
3 5
3 7
3 20
3 33
3 57
3 82
3 83
3 96
4 13
4 14
4 16
4 20
4 39
4 44
4 47
4 52
4 54
4 62
4 89
5 7
5 10
5 42
5 44
5 63
5 70
5 85
5 97
5 98
6 10
6 14
6 25
6 30
6 37
6 39
6 60
6 62
6 66
6 83
6 89
6 96
7 9
7 29
7 42
7 52
7 62
7 65
7 77
7 79
7 81
7 98
8 27
8 34
8 53
8 78
8 81
8 98
9 15
9 17
9 33
9 48
9 54
9 57
9 87
9 91
9 98
9 99
10 29
10 42
10 54
10 82
10 83
10 85
10 87
11 24
11 35
11 39
11 48
11 65
11 92
12 13
12 20
12 27
12 41
12 53
12 94
13 18
13 22
13 26
13 41
13 42
13 51
13 92
13 99
14 32
14 34
14 37
14 59
14 68
14 73
14 84
14 86
14 94
15 20
15 21
15 29
15 42
15 50
15 55
15 59
15 61
15 89
16 19
16 23
16 31
16 50
16 57
16 64
16 77
16 80
16 84
17 39
17 63
17 82
17 87
17 89
17 99
18 33
18 35
18 38
18 42
18 51
18 59
18 68
18 69
18 80
18 83
18 86
18 96
18 99
19 25
19 26
19 28
19 36
19 45
19 68
19 82
19 84
19 86
20 23
20 30
20 32
20 33
20 35
20 41
20 44
20 84
20 85
20 92
21 25
21 26
21 30
21 33
21 39
21 49
21 67
21 74
21 80
21 86
21 98
22 28
22 49
22 51
22 53
22 84
22 99
23 27
23 28
23 34
23 55
23 69
23 71
23 80
24 26
24 30
24 40
24 44
24 58
24 64
24 79
24 88
24 90
24 92
25 37
25 54
25 79
25 91
26 31
26 52
26 54
26 72
26 83
26 92
26 94
26 95
27 29
27 30
27 53
27 59
27 63
27 74
27 87
27 96
28 29
28 39
28 62
28 78
28 84
28 88
28 93
28 95
29 34
29 39
29 59
29 65
29 86
29 90
29 91
29 93
29 97
29 99
30 33
30 45
30 71
30 72
30 83
30 85
31 34
31 40
31 47
31 58
31 84
31 85
31 91
31 96
32 40
32 41
32 45
32 47
32 50
32 54
32 99
33 44
33 54
33 93
33 94
34 36
34 61
34 86
35 40
35 53
35 54
35 62
35 64
35 89
35 96
36 46
36 61
36 63
36 67
36 75
36 76
36 89
36 92
37 40
37 45
37 48
37 53
37 96
38 52
38 63
38 78
38 89
38 90
38 94
38 95
39 46
39 50
39 52
39 56
39 60
39 68
39 79
40 48
40 49
40 50
40 65
40 72
40 82
40 88
40 89
41 66
41 75
41 77
41 92
42 65
42 95
43 44
43 46
43 49
44 47
44 48
44 70
44 73
44 82
44 94
44 97
45 49
45 67
45 70
45 72
45 74
45 80
45 84
45 92
45 95
46 51
46 58
46 79
47 51
47 57
47 72
47 77
47 81
47 86
47 92
47 99
48 49
48 51
48 57
48 62
48 64
48 76
48 84
48 92
49 53
49 59
49 66
49 69
49 79
50 58
50 68
50 71
50 83
50 86
51 58
51 66
51 67
51 68
51 81
51 89
52 54
52 67
52 74
52 80
52 89
53 59
53 87
53 93
53 99
54 57
54 64
54 67
54 79
54 85
54 87
54 90
55 56
55 60
55 90
56 73
56 83
57 89
58 62
58 76
58 77
58 83
58 91
58 98
59 70
59 99
60 69
60 78
60 80
60 82
60 87
60 95
61 63
61 64
61 67
61 68
61 85
61 90
61 97
62 69
62 73
62 75
62 90
62 94
62 96
62 99
63 70
63 72
63 80
63 85
63 98
64 65
64 86
64 88
64 91
65 89
66 78
66 99
67 74
67 75
68 70
68 87
69 76
69 93
70 72
70 73
70 77
71 77
71 81
71 93
72 75
72 79
72 92
73 80
73 85
73 91
74 75
74 92
74 93
75 80
75 81
75 86
75 92
75 97
77 79
77 85
77 88
77 90
79 82
79 96
80 83
80 91
81 82
81 85
81 86
82 89
83 87
83 89
83 94
84 87
84 88
84 89
84 95
84 98
85 88
85 91
85 95
85 97
86 95
87 95
88 91
88 96
92 97
94 97
94 99
