100 502
0 5
0 24
0 38
0 54
0 56
0 59
0 67
0 73
0 79
0 89
0 92
0 99
1 4
1 14
1 31
1 45
1 48
1 67
1 88
2 4
2 10
2 23
2 46
2 47
2 53
2 57
2 73
2 85
2 90
2 93
3 8
3 14
3 15
3 29
3 42
3 57
3 66
3 69
3 88
4 5
4 13
4 16
4 19
4 23
4 26
4 35
4 45
4 47
4 54
4 75
4 87
4 97
5 10
5 36
5 37
5 38
5 45
5 46
5 58
5 65
5 89
5 90
5 94
5 97
6 13
6 16
6 45
6 50
6 52
6 54
6 70
6 94
7 18
7 28
7 30
7 37
7 77
7 99
8 18
8 36
8 37
8 45
8 80
9 22
9 31
9 32
9 41
9 59
9 79
9 82
9 88
9 96
10 20
10 24
10 32
10 38
10 48
10 51
10 52
10 59
10 86
11 17
11 18
11 19
11 22
11 27
11 34
11 51
11 68
11 70
11 83
11 94
11 95
12 28
12 36
12 69
12 70
12 76
12 77
12 85
13 17
13 27
13 39
13 55
13 57
13 60
13 64
13 69
13 81
13 97
14 19
14 24
14 32
14 36
14 62
14 65
14 66
15 16
15 25
15 70
15 78
15 87
15 89
15 96
16 17
16 23
16 24
16 39
16 54
16 65
16 70
16 80
17 21
17 24
17 35
17 36
17 47
17 52
17 56
17 78
17 80
17 97
18 30
18 32
18 34
18 38
18 43
18 53
18 62
18 63
18 64
18 67
18 73
18 78
18 83
18 96
19 27
19 39
19 42
19 64
19 66
19 79
19 80
19 86
19 87
19 95
19 98
20 34
20 44
20 50
20 57
20 60
20 76
20 88
21 26
21 32
21 33
21 34
21 48
21 81
21 91
22 33
22 36
22 40
22 45
22 46
22 55
22 69
22 71
23 35
23 43
23 50
23 56
23 64
23 69
23 75
23 86
23 87
23 93
24 46
24 50
24 88
24 93
25 32
25 46
25 48
25 53
25 58
25 70
25 80
25 93
25 98
26 37
26 54
26 67
26 87
26 98
26 99
27 41
27 59
27 61
27 64
27 66
27 81
28 33
28 35
28 42
28 71
28 86
29 33
29 34
29 43
29 44
29 86
30 53
30 63
30 66
30 73
30 90
30 94
31 37
31 38
31 43
31 67
31 74
31 88
32 33
32 38
32 43
32 56
32 58
32 62
32 69
32 97
33 37
33 58
33 59
33 63
33 97
34 55
34 63
34 69
34 92
35 50
35 83
35 88
35 89
36 41
36 42
36 43
36 53
36 54
36 76
36 83
36 95
36 99
37 41
37 70
37 72
37 82
37 86
37 93
38 61
38 69
38 74
38 75
38 85
38 89
38 91
38 94
39 48
39 59
39 95
39 96
40 46
40 50
40 76
40 78
40 82
40 94
40 99
41 46
41 49
41 51
41 52
41 68
41 71
42 46
42 49
42 52
42 58
42 64
42 67
42 76
42 90
43 57
43 67
43 68
43 74
43 85
44 50
44 55
44 58
44 63
44 76
44 81
44 88
44 94
44 95
45 50
45 64
45 67
45 84
45 90
46 48
46 50
46 85
46 88
47 51
47 63
47 86
47 97
48 50
48 53
48 80
48 86
48 87
48 89
48 96
49 50
49 60
49 61
50 54
50 56
50 64
50 69
50 75
50 89
51 67
51 69
51 70
51 87
51 88
51 89
52 59
52 84
52 90
52 92
52 93
53 80
53 85
53 90
53 92
54 61
54 62
54 64
54 80
54 88
54 92
54 97
55 69
55 78
55 89
56 74
56 94
56 95
56 98
57 60
57 68
57 73
57 81
57 94
58 69
58 85
58 89
58 90
58 94
58 98
59 62
59 73
59 77
59 80
59 85
60 76
60 79
60 84
60 97
61 85
61 88
62 65
62 69
62 97
63 74
63 77
63 78
63 90
63 93
63 99
64 70
64 82
64 87
64 92
64 96
64 97
65 70
65 71
65 79
65 91
66 67
66 70
66 73
66 81
66 98
67 86
67 90
67 96
68 69
68 73
68 87
69 73
69 76
69 99
70 75
70 84
70 86
70 90
70 92
71 74
71 94
71 97
72 80
72 84
72 85
72 95
74 80
74 88
74 95
75 89
76 80
76 90
77 87
78 82
78 87
78 89
79 88
80 88
80 90
81 87
81 88
82 91
83 99
85 92
85 95
87 89
87 90
88 96
88 97
89 91
90 93
91 92
91 99
94 97
