100 496
0 40
0 51
0 52
0 61
0 62
0 69
0 70
1 8
1 28
1 33
1 40
1 52
1 61
1 65
1 71
1 83
1 97
1 99
2 3
2 6
2 9
2 12
2 14
2 16
2 24
2 28
2 32
2 33
2 52
2 65
2 69
2 82
3 4
3 19
3 29
3 34
3 40
3 45
3 75
3 77
3 87
3 98
4 17
4 29
4 37
4 38
4 42
4 48
4 63
4 85
4 86
4 87
4 94
4 97
5 6
5 11
5 25
5 32
5 33
5 34
5 63
5 68
5 69
5 77
5 94
5 98
6 13
6 17
6 25
6 30
6 57
6 76
6 84
6 89
6 91
6 93
6 98
7 16
7 24
7 28
7 29
7 61
7 62
7 98
8 10
8 19
8 28
8 34
8 49
8 63
8 73
8 81
8 89
8 90
9 20
9 37
9 42
9 47
9 50
9 53
9 62
9 69
9 71
9 74
9 90
9 99
10 12
10 29
10 38
10 62
10 66
10 76
10 87
10 90
11 38
11 40
11 41
11 77
11 96
11 97
12 14
12 22
12 23
12 27
12 28
12 48
12 60
12 76
12 81
12 83
13 22
13 24
13 25
13 26
13 29
13 32
13 36
13 53
13 72
13 75
13 78
14 15
14 33
14 45
14 49
14 58
14 95
14 97
15 17
15 20
15 31
15 33
15 40
15 43
15 59
15 62
15 89
15 98
16 46
16 67
16 69
16 74
16 92
16 94
16 99
17 20
17 22
17 57
17 73
17 81
17 92
18 22
18 28
18 30
18 32
18 39
18 43
18 67
18 83
18 86
18 97
18 98
19 41
19 42
19 50
19 56
19 60
19 70
19 72
19 83
19 98
20 24
20 25
20 30
20 38
20 43
20 57
20 62
20 68
20 69
20 88
21 44
21 47
21 60
21 69
21 84
21 96
22 37
22 40
22 42
22 46
22 52
22 58
22 71
22 97
23 35
23 42
23 61
23 65
23 69
23 95
24 25
24 38
24 48
24 52
24 59
24 68
24 81
24 92
24 99
25 37
25 52
25 57
25 83
25 86
25 93
26 34
26 35
26 47
26 65
26 76
27 28
27 31
27 35
27 53
27 61
27 65
27 79
27 82
27 83
27 96
28 37
28 43
28 50
28 52
28 72
28 76
28 78
28 79
28 84
28 87
28 97
29 66
29 88
29 94
29 96
30 34
30 39
30 43
30 68
30 71
30 74
30 81
30 88
30 96
31 32
31 46
31 52
31 54
31 58
31 70
31 71
31 72
31 81
31 92
32 34
32 46
32 48
32 67
32 72
32 86
32 90
32 96
33 48
33 52
33 53
33 55
33 63
33 64
33 66
33 68
33 94
33 96
34 41
34 42
34 56
34 72
34 85
35 37
35 46
35 49
35 63
35 72
35 88
35 95
35 96
35 97
36 47
36 74
37 64
37 80
38 47
38 55
38 75
38 76
38 79
38 80
38 84
38 97
39 49
39 66
39 81
39 96
40 45
41 64
41 75
42 67
42 72
42 76
42 83
42 89
43 59
43 65
44 93
45 60
45 64
45 67
45 68
45 73
45 74
45 85
45 99
46 50
46 54
46 69
46 70
46 91
46 94
46 99
47 59
47 68
47 79
47 84
47 91
47 93
47 94
47 96
47 99
48 54
48 72
48 73
48 89
49 70
49 82
50 82
51 53
51 70
51 94
51 98
52 66
52 87
52 92
52 95
53 66
53 83
53 84
53 85
53 90
53 94
53 99
54 59
54 75
54 82
55 61
55 62
55 72
55 81
56 58
57 81
57 82
57 95
57 98
59 61
59 64
59 72
59 91
59 99
60 85
60 87
60 93
61 71
61 72
61 75
61 76
61 86
61 93
62 64
63 73
63 75
63 76
63 95
64 70
64 72
64 83
64 98
65 68
65 78
65 82
65 84
66 79
66 86
66 87
67 72
67 89
67 90
67 93
68 75
68 82
68 83
68 84
69 73
69 80
69 92
69 95
70 73
70 74
70 76
70 89
71 82
71 87
71 97
71 98
72 95
72 96
73 80
73 86
73 88
73 90
74 75
74 98
75 85
75 87
75 92
75 94
75 99
76 77
76 82
76 87
76 99
77 78
77 97
78 86
81 93
82 98
83 99
84 91
85 86
85 87
85 90
85 91
85 92
85 97
85 99
86 87
86 96
86 98
87 95
88 93
89 99
90 94
90 96
91 93
91 97
93 94
93 97
94 96
