100 150
7 17
7 79
7 4
17 36
17 49
18 81
18 62
18 27
81 69
81 53
6 91
6 28
6 32
91 77
91 41
73 90
73 24
73 12
90 37
90 33
70 82
70 74
70 1
82 69
82 76
48 63
48 65
48 85
63 0
63 64
40 68
40 83
40 53
68 5
68 60
4 57
4 98
57 45
57 62
16 95
16 23
16 41
95 29
95 62
12 27
12 69
27 60
8 75
8 98
8 21
75 38
75 84
37 92
37 86
49 55
49 77
55 52
55 42
65 94
65 1
52 99
52 42
99 31
99 36
2 25
2 3
2 14
25 29
25 9
45 60
45 14
42 23
20 88
20 67
20 89
88 44
88 26
92 41
92 87
98 15
38 15
38 74
44 10
44 26
24 85
24 78
85 74
64 66
64 39
66 56
66 35
29 31
19 43
19 77
19 94
43 72
43 51
39 76
39 0
76 46
13 30
13 5
13 96
30 35
30 80
0 35
3 10
3 56
10 11
46 54
46 58
54 34
54 96
9 14
9 97
31 22
61 79
61 11
61 83
79 84
51 86
51 33
86 89
78 71
78 67
1 21
21 94
33 50
11 59
59 22
59 71
23 53
67 72
56 22
47 72
47 87
47 96
32 50
32 34
50 89
15 97
58 71
58 80
83 93
34 5
80 93
36 28
28 97
84 87
26 93
