100 150
57 91
57 49
57 22
91 80
91 24
18 72
18 96
18 49
72 46
72 0
64 78
64 52
64 54
78 88
78 29
30 55
30 56
30 76
55 76
55 6
77 90
77 28
77 20
90 41
90 86
26 60
26 13
26 43
60 94
60 14
32 76
32 2
32 31
38 71
38 69
38 4
71 33
71 98
9 99
9 28
9 14
99 13
99 19
13 83
2 61
2 19
20 95
20 40
95 8
95 83
12 27
12 36
12 24
27 47
27 67
22 92
22 34
92 21
92 11
40 10
40 86
36 66
36 61
4 87
4 53
87 62
87 75
28 59
5 39
5 73
5 48
39 37
39 93
94 47
94 53
41 74
41 34
1 17
1 59
1 52
17 89
17 37
42 89
42 16
42 23
89 6
83 11
16 79
16 7
79 33
79 51
10 93
10 59
93 67
73 85
73 61
85 54
85 82
66 45
66 62
6 98
98 88
56 96
56 65
96 63
69 58
69 67
74 86
74 97
49 15
33 82
25 75
25 14
25 3
75 7
47 15
44 51
44 82
44 43
51 3
62 84
11 48
48 68
31 81
31 50
81 63
81 97
7 68
0 50
0 52
50 23
54 35
23 24
88 70
21 45
21 84
45 68
3 53
63 15
58 80
58 8
84 65
29 97
29 46
43 35
34 70
37 46
8 65
80 19
70 35
