360 6466
0 1
0 3
0 7
0 20
0 37
0 46
0 64
0 77
0 87
0 91
0 97
0 99
0 143
0 149
0 154
0 163
0 172
0 175
0 176
0 188
0 201
0 216
0 229
0 236
0 242
0 260
0 273
0 275
0 316
0 319
0 323
0 334
0 357
1 9
1 18
1 24
1 30
1 32
1 33
1 34
1 43
1 44
1 51
1 59
1 69
1 71
1 83
1 121
1 123
1 135
1 154
1 166
1 175
1 198
1 219
1 233
1 240
1 253
1 255
1 257
1 258
1 261
1 262
1 267
1 272
1 274
1 275
1 280
1 282
1 311
1 312
1 318
1 319
1 325
1 339
1 343
2 5
2 8
2 9
2 16
2 17
2 20
2 21
2 46
2 57
2 64
2 65
2 112
2 114
2 118
2 123
2 130
2 156
2 162
2 167
2 172
2 175
2 180
2 183
2 200
2 214
2 275
2 321
2 328
2 344
2 349
3 24
3 39
3 42
3 56
3 70
3 75
3 90
3 92
3 101
3 113
3 125
3 127
3 136
3 160
3 164
3 165
3 178
3 184
3 191
3 194
3 204
3 205
3 224
3 227
3 237
3 253
3 262
3 270
3 287
3 289
3 313
3 314
3 318
3 324
3 331
3 341
3 345
3 358
4 7
4 18
4 24
4 26
4 46
4 65
4 66
4 102
4 105
4 108
4 118
4 124
4 127
4 129
4 134
4 157
4 161
4 163
4 180
4 182
4 190
4 250
4 251
4 253
4 258
4 263
4 271
4 278
4 282
4 322
4 332
4 338
4 352
4 354
5 20
5 29
5 33
5 34
5 49
5 60
5 65
5 66
5 70
5 73
5 98
5 109
5 111
5 115
5 116
5 123
5 135
5 143
5 167
5 174
5 177
5 193
5 194
5 197
5 206
5 215
5 227
5 233
5 236
5 272
5 274
5 286
5 291
5 297
5 318
5 330
5 335
5 344
5 345
5 346
5 352
6 10
6 24
6 36
6 37
6 55
6 58
6 66
6 89
6 97
6 108
6 110
6 137
6 161
6 164
6 181
6 194
6 201
6 207
6 213
6 214
6 234
6 258
6 266
6 269
6 278
6 286
6 288
6 300
6 317
6 323
6 324
6 328
6 347
6 350
6 356
7 12
7 13
7 16
7 25
7 31
7 40
7 61
7 62
7 82
7 87
7 116
7 127
7 143
7 152
7 153
7 157
7 166
7 167
7 169
7 173
7 189
7 199
7 212
7 214
7 230
7 235
7 238
7 244
7 254
7 262
7 269
7 277
7 281
7 293
7 299
7 305
7 306
7 308
7 309
7 317
7 352
8 17
8 21
8 26
8 46
8 66
8 80
8 112
8 136
8 139
8 156
8 173
8 181
8 194
8 197
8 203
8 218
8 225
8 228
8 232
8 236
8 252
8 257
8 259
8 260
8 265
8 269
8 274
8 298
8 309
8 312
8 316
8 317
8 335
8 349
8 351
8 353
8 356
8 358
9 28
9 29
9 30
9 41
9 64
9 66
9 75
9 78
9 88
9 92
9 93
9 105
9 132
9 149
9 161
9 165
9 172
9 193
9 201
9 209
9 217
9 225
9 227
9 232
9 241
9 244
9 253
9 258
9 260
9 264
9 277
9 279
9 284
9 287
9 310
9 328
9 338
9 341
9 355
9 356
10 12
10 25
10 31
10 46
10 48
10 54
10 65
10 66
10 81
10 90
10 101
10 109
10 110
10 121
10 130
10 132
10 134
10 137
10 139
10 152
10 154
10 157
10 162
10 166
10 177
10 180
10 186
10 188
10 193
10 210
10 244
10 250
10 259
10 271
10 274
10 277
10 283
10 287
10 289
10 300
10 310
10 351
10 355
11 13
11 20
11 26
11 32
11 41
11 46
11 48
11 79
11 80
11 111
11 112
11 116
11 132
11 136
11 162
11 175
11 181
11 189
11 219
11 235
11 247
11 253
11 266
11 277
11 287
11 288
11 312
11 322
11 330
11 332
11 333
11 343
11 359
12 23
12 25
12 32
12 37
12 56
12 59
12 60
12 71
12 95
12 114
12 122
12 123
12 138
12 143
12 155
12 156
12 158
12 161
12 175
12 189
12 194
12 203
12 209
12 215
12 220
12 225
12 238
12 240
12 242
12 258
12 278
12 279
12 292
12 314
12 316
12 327
12 337
12 354
13 17
13 35
13 54
13 62
13 64
13 76
13 82
13 94
13 99
13 105
13 109
13 110
13 115
13 142
13 153
13 167
13 178
13 192
13 199
13 210
13 237
13 241
13 244
13 290
13 297
13 326
13 331
13 339
13 351
13 353
13 358
14 44
14 49
14 57
14 78
14 87
14 117
14 118
14 122
14 131
14 138
14 140
14 147
14 195
14 223
14 225
14 226
14 236
14 245
14 255
14 260
14 271
14 274
14 293
14 319
14 326
14 336
14 338
14 359
15 32
15 46
15 53
15 69
15 70
15 71
15 77
15 119
15 137
15 138
15 147
15 149
15 165
15 181
15 190
15 191
15 226
15 230
15 231
15 237
15 245
15 248
15 252
15 262
15 265
15 266
15 273
15 281
15 288
15 316
15 317
15 328
15 331
16 25
16 43
16 54
16 56
16 58
16 86
16 89
16 97
16 104
16 112
16 114
16 118
16 140
16 141
16 160
16 171
16 199
16 200
16 215
16 232
16 234
16 256
16 258
16 275
16 277
16 288
16 289
16 293
16 312
16 314
16 321
16 329
16 331
16 336
16 339
16 357
17 22
17 23
17 27
17 47
17 52
17 68
17 90
17 98
17 106
17 107
17 108
17 113
17 135
17 149
17 152
17 166
17 176
17 181
17 183
17 187
17 190
17 192
17 193
17 195
17 199
17 202
17 247
17 252
17 263
17 270
17 293
17 294
17 300
17 310
17 315
17 333
17 349
17 354
18 29
18 31
18 38
18 48
18 49
18 52
18 74
18 89
18 101
18 108
18 110
18 124
18 126
18 131
18 145
18 147
18 148
18 167
18 173
18 174
18 182
18 192
18 198
18 209
18 210
18 213
18 236
18 277
18 294
18 296
18 309
18 327
18 332
18 342
18 351
18 359
19 25
19 32
19 35
19 40
19 59
19 72
19 87
19 90
19 95
19 118
19 120
19 134
19 142
19 151
19 166
19 178
19 179
19 186
19 188
19 190
19 214
19 227
19 239
19 255
19 256
19 266
19 274
19 281
19 286
19 298
19 305
19 309
19 310
19 319
19 336
19 346
19 347
19 349
19 351
20 26
20 30
20 70
20 71
20 72
20 81
20 87
20 100
20 105
20 126
20 152
20 168
20 194
20 199
20 205
20 207
20 211
20 219
20 255
20 308
20 317
20 319
20 343
20 345
20 351
20 355
21 26
21 35
21 44
21 76
21 90
21 108
21 112
21 124
21 139
21 140
21 141
21 150
21 183
21 189
21 195
21 199
21 203
21 205
21 223
21 237
21 248
21 262
21 288
21 300
21 307
21 310
21 337
21 341
21 346
21 357
22 36
22 37
22 64
22 65
22 67
22 81
22 86
22 87
22 96
22 100
22 108
22 118
22 121
22 130
22 138
22 144
22 151
22 160
22 164
22 170
22 189
22 193
22 203
22 204
22 248
22 257
22 260
22 279
22 282
22 289
22 299
22 314
22 317
23 38
23 41
23 47
23 60
23 68
23 78
23 81
23 82
23 84
23 85
23 112
23 127
23 142
23 168
23 188
23 194
23 207
23 224
23 231
23 243
23 248
23 251
23 253
23 261
23 264
23 270
23 279
23 280
23 302
23 331
23 332
23 336
23 352
24 34
24 45
24 46
24 54
24 58
24 61
24 64
24 71
24 72
24 75
24 110
24 114
24 119
24 132
24 142
24 143
24 149
24 183
24 223
24 237
24 247
24 249
24 265
24 268
24 284
24 304
24 312
24 316
24 319
24 320
24 327
24 335
24 339
24 344
24 350
24 354
25 34
25 56
25 62
25 63
25 64
25 107
25 121
25 138
25 139
25 142
25 147
25 150
25 153
25 154
25 160
25 174
25 175
25 179
25 183
25 185
25 190
25 194
25 202
25 206
25 215
25 224
25 227
25 228
25 239
25 245
25 246
25 248
25 259
25 260
25 287
25 298
25 319
25 329
25 344
25 350
26 36
26 40
26 46
26 49
26 59
26 73
26 75
26 77
26 99
26 105
26 116
26 130
26 133
26 166
26 183
26 192
26 205
26 214
26 235
26 241
26 243
26 249
26 255
26 271
26 284
26 302
26 327
26 353
26 357
27 29
27 40
27 48
27 54
27 76
27 78
27 85
27 102
27 107
27 109
27 132
27 137
27 161
27 172
27 185
27 192
27 198
27 206
27 223
27 239
27 247
27 250
27 256
27 257
27 260
27 277
27 287
27 297
27 299
27 302
27 316
27 334
27 336
27 343
27 347
28 29
28 58
28 65
28 74
28 91
28 94
28 95
28 110
28 123
28 125
28 131
28 137
28 138
28 140
28 154
28 171
28 179
28 181
28 183
28 203
28 206
28 212
28 222
28 235
28 244
28 250
28 265
28 269
28 289
28 303
28 312
28 320
28 330
28 342
29 40
29 46
29 76
29 92
29 115
29 122
29 127
29 151
29 152
29 167
29 196
29 198
29 202
29 206
29 207
29 211
29 213
29 234
29 240
29 247
29 255
29 265
29 269
29 275
29 285
29 310
29 312
29 322
30 49
30 58
30 65
30 79
30 111
30 136
30 141
30 152
30 171
30 190
30 196
30 200
30 205
30 215
30 218
30 235
30 279
30 310
30 314
30 317
30 334
30 343
30 348
31 44
31 46
31 53
31 70
31 71
31 82
31 87
31 88
31 92
31 94
31 108
31 119
31 121
31 127
31 129
31 136
31 150
31 157
31 178
31 187
31 188
31 207
31 210
31 214
31 220
31 231
31 233
31 244
31 260
31 273
31 278
31 298
31 301
31 312
31 315
31 318
31 333
31 348
32 38
32 40
32 54
32 55
32 60
32 72
32 76
32 81
32 92
32 130
32 132
32 148
32 149
32 165
32 169
32 175
32 179
32 186
32 215
32 226
32 240
32 249
32 256
32 266
32 274
32 303
32 309
32 324
32 329
32 342
32 356
33 36
33 37
33 47
33 97
33 108
33 132
33 137
33 174
33 178
33 194
33 206
33 218
33 261
33 268
33 279
33 282
33 295
33 321
33 324
34 36
34 41
34 61
34 65
34 66
34 70
34 81
34 84
34 88
34 90
34 95
34 102
34 125
34 126
34 128
34 141
34 142
34 152
34 158
34 160
34 166
34 167
34 172
34 176
34 179
34 184
34 199
34 201
34 207
34 216
34 221
34 225
34 235
34 246
34 268
34 274
34 278
34 284
34 291
34 303
34 316
34 344
34 346
34 347
35 46
35 56
35 68
35 69
35 78
35 83
35 84
35 89
35 91
35 112
35 114
35 126
35 141
35 146
35 152
35 169
35 176
35 196
35 204
35 209
35 216
35 224
35 234
35 239
35 240
35 257
35 258
35 263
35 266
35 295
35 311
35 312
35 315
35 320
35 329
35 338
35 348
35 355
36 40
36 51
36 76
36 84
36 86
36 88
36 102
36 117
36 147
36 157
36 187
36 209
36 212
36 217
36 219
36 233
36 239
36 252
36 265
36 309
36 341
36 349
36 355
36 358
37 43
37 47
37 54
37 55
37 85
37 96
37 100
37 103
37 111
37 116
37 121
37 142
37 144
37 161
37 162
37 167
37 174
37 177
37 183
37 195
37 221
37 223
37 232
37 236
37 252
37 257
37 273
37 279
37 281
37 282
37 302
37 304
37 306
37 308
37 318
37 335
37 350
37 355
37 359
38 59
38 62
38 108
38 119
38 137
38 138
38 141
38 160
38 171
38 193
38 203
38 207
38 208
38 214
38 216
38 223
38 227
38 237
38 238
38 247
38 252
38 266
38 268
38 271
38 283
38 297
38 305
38 321
38 352
38 359
39 49
39 72
39 75
39 91
39 97
39 112
39 117
39 120
39 144
39 160
39 161
39 166
39 170
39 174
39 200
39 205
39 206
39 208
39 216
39 218
39 235
39 241
39 244
39 249
39 253
39 260
39 266
39 267
39 277
39 283
39 309
39 321
39 338
40 42
40 52
40 63
40 72
40 76
40 80
40 88
40 141
40 169
40 186
40 189
40 194
40 200
40 209
40 217
40 248
40 251
40 258
40 259
40 292
40 294
40 300
40 303
40 325
40 332
40 338
40 345
41 68
41 77
41 80
41 87
41 100
41 103
41 108
41 145
41 161
41 169
41 179
41 187
41 215
41 225
41 233
41 238
41 241
41 253
41 254
41 274
41 282
41 286
41 287
41 304
41 316
41 327
41 329
41 330
41 331
41 334
41 343
41 354
42 60
42 74
42 77
42 92
42 101
42 103
42 108
42 129
42 137
42 146
42 148
42 153
42 156
42 161
42 174
42 175
42 181
42 188
42 191
42 197
42 203
42 206
42 208
42 210
42 216
42 227
42 231
42 248
42 267
42 270
42 275
42 277
42 278
42 282
42 283
42 298
42 299
42 300
42 312
42 319
42 323
42 342
42 350
42 352
43 46
43 56
43 76
43 79
43 86
43 120
43 137
43 140
43 164
43 172
43 178
43 193
43 200
43 210
43 211
43 218
43 223
43 226
43 227
43 232
43 233
43 245
43 248
43 259
43 269
43 328
43 329
43 332
43 337
44 55
44 82
44 125
44 132
44 133
44 151
44 155
44 172
44 173
44 193
44 200
44 212
44 222
44 227
44 231
44 233
44 245
44 255
44 289
44 290
44 299
44 301
44 309
44 326
44 340
44 345
44 348
44 349
44 355
45 58
45 62
45 66
45 72
45 74
45 102
45 105
45 107
45 126
45 132
45 137
45 145
45 180
45 210
45 212
45 227
45 253
45 255
45 279
45 289
45 303
45 327
45 345
46 58
46 61
46 65
46 67
46 76
46 98
46 114
46 124
46 133
46 144
46 152
46 158
46 164
46 174
46 183
46 192
46 197
46 202
46 210
46 231
46 247
46 277
46 290
46 292
46 310
46 314
46 321
46 330
46 337
46 358
47 66
47 91
47 94
47 95
47 121
47 122
47 125
47 132
47 135
47 139
47 151
47 155
47 160
47 168
47 176
47 178
47 198
47 201
47 203
47 206
47 212
47 219
47 221
47 226
47 228
47 238
47 242
47 251
47 259
47 263
47 264
47 266
47 271
47 275
47 279
47 290
47 297
47 333
47 352
48 52
48 68
48 88
48 101
48 126
48 136
48 188
48 196
48 226
48 239
48 253
48 263
48 282
48 293
48 297
48 299
48 302
48 304
48 307
48 332
48 334
48 347
49 54
49 66
49 72
49 79
49 80
49 87
49 88
49 102
49 103
49 123
49 128
49 153
49 156
49 157
49 167
49 178
49 180
49 197
49 206
49 212
49 216
49 218
49 237
49 248
49 259
49 264
49 268
49 274
49 281
49 284
49 294
49 296
49 320
49 332
49 334
49 339
49 350
49 359
50 69
50 73
50 74
50 90
50 93
50 98
50 146
50 148
50 152
50 153
50 160
50 161
50 163
50 202
50 218
50 220
50 235
50 248
50 253
50 254
50 260
50 278
50 283
50 298
50 303
50 315
50 323
50 327
50 337
50 344
50 348
50 352
50 357
51 55
51 74
51 75
51 76
51 91
51 97
51 101
51 107
51 108
51 128
51 132
51 142
51 153
51 157
51 189
51 206
51 216
51 243
51 247
51 254
51 258
51 264
51 270
51 283
51 299
51 304
51 318
51 336
51 346
51 354
52 58
52 71
52 88
52 91
52 97
52 109
52 121
52 128
52 129
52 148
52 165
52 173
52 174
52 190
52 195
52 196
52 215
52 216
52 217
52 233
52 273
52 297
52 304
52 312
52 315
52 319
52 322
52 335
52 358
53 60
53 65
53 66
53 83
53 84
53 92
53 101
53 107
53 120
53 122
53 143
53 147
53 149
53 156
53 158
53 162
53 174
53 183
53 185
53 202
53 205
53 206
53 241
53 245
53 267
53 274
53 276
53 281
53 290
53 320
53 322
53 344
53 352
53 358
54 56
54 57
54 67
54 92
54 122
54 136
54 145
54 147
54 148
54 156
54 169
54 186
54 191
54 193
54 196
54 202
54 208
54 214
54 221
54 224
54 225
54 226
54 227
54 246
54 249
54 259
54 265
54 266
54 283
54 295
54 296
54 346
54 354
55 76
55 90
55 106
55 107
55 132
55 136
55 154
55 161
55 164
55 172
55 185
55 187
55 197
55 216
55 222
55 224
55 228
55 232
55 234
55 255
55 258
55 283
55 287
55 291
55 298
55 304
55 306
55 308
55 315
55 330
55 337
55 346
55 351
55 355
56 63
56 84
56 105
56 111
56 120
56 161
56 168
56 171
56 187
56 211
56 216
56 232
56 248
56 250
56 274
56 285
56 311
56 312
56 328
56 349
56 350
57 58
57 68
57 93
57 100
57 106
57 136
57 146
57 161
57 163
57 167
57 175
57 178
57 180
57 186
57 225
57 242
57 251
57 259
57 260
57 261
57 268
57 272
57 282
57 287
57 294
57 297
57 301
57 318
58 63
58 66
58 74
58 82
58 84
58 98
58 101
58 103
58 104
58 109
58 114
58 120
58 140
58 145
58 157
58 166
58 169
58 203
58 217
58 220
58 261
58 263
58 278
58 296
58 314
58 334
58 339
58 356
59 81
59 91
59 102
59 134
59 147
59 156
59 166
59 171
59 177
59 188
59 192
59 227
59 232
59 237
59 243
59 258
59 263
59 264
59 290
59 300
59 307
59 321
59 323
59 327
59 328
59 330
59 331
59 346
59 354
59 357
60 61
60 64
60 65
60 72
60 73
60 92
60 102
60 126
60 129
60 135
60 146
60 147
60 169
60 170
60 173
60 194
60 200
60 231
60 244
60 248
60 266
60 270
60 290
60 292
60 294
60 298
60 308
60 314
60 328
60 333
60 334
60 343
60 350
61 64
61 70
61 75
61 78
61 86
61 128
61 130
61 134
61 136
61 138
61 144
61 187
61 214
61 215
61 219
61 224
61 229
61 233
61 262
61 272
61 279
61 280
61 292
61 307
61 308
61 337
61 354
62 74
62 76
62 82
62 96
62 100
62 101
62 102
62 119
62 125
62 129
62 139
62 141
62 146
62 159
62 174
62 184
62 188
62 190
62 193
62 208
62 215
62 216
62 223
62 229
62 256
62 258
62 280
62 288
62 289
62 293
62 296
62 301
62 315
62 317
62 323
62 345
63 71
63 75
63 80
63 83
63 109
63 110
63 111
63 118
63 132
63 136
63 144
63 167
63 184
63 188
63 200
63 211
63 220
63 223
63 225
63 234
63 238
63 246
63 263
63 280
63 290
63 292
63 297
63 310
63 314
63 315
63 317
63 322
63 329
63 332
63 356
64 65
64 74
64 78
64 91
64 97
64 121
64 129
64 136
64 143
64 156
64 159
64 161
64 170
64 178
64 190
64 210
64 238
64 239
64 243
64 251
64 269
64 270
64 277
64 294
64 300
64 311
65 74
65 87
65 110
65 118
65 141
65 150
65 152
65 156
65 187
65 191
65 206
65 211
65 213
65 225
65 231
65 232
65 233
65 243
65 245
65 252
65 256
65 258
65 310
65 312
65 324
65 344
65 357
66 69
66 114
66 117
66 133
66 139
66 147
66 170
66 178
66 184
66 191
66 229
66 237
66 244
66 253
66 260
66 306
66 308
66 309
66 316
66 329
66 337
67 97
67 98
67 121
67 122
67 127
67 135
67 154
67 157
67 164
67 165
67 167
67 185
67 193
67 197
67 209
67 221
67 236
67 241
67 262
67 267
67 289
67 292
67 311
67 334
67 340
67 348
68 72
68 78
68 83
68 92
68 100
68 105
68 112
68 140
68 148
68 149
68 151
68 161
68 168
68 171
68 184
68 187
68 189
68 198
68 199
68 225
68 233
68 235
68 237
68 251
68 254
68 272
68 276
68 281
68 287
68 298
68 299
68 300
68 312
68 316
68 320
68 322
68 324
68 343
68 352
69 82
69 105
69 128
69 129
69 153
69 162
69 172
69 174
69 221
69 227
69 231
69 237
69 241
69 244
69 252
69 258
69 271
69 279
69 280
69 298
69 300
69 301
69 315
69 318
69 319
69 328
69 332
69 333
69 336
69 340
69 350
70 85
70 87
70 100
70 119
70 147
70 154
70 156
70 160
70 167
70 175
70 184
70 201
70 202
70 211
70 212
70 219
70 230
70 240
70 247
70 249
70 251
70 264
70 275
70 290
70 297
70 324
70 330
70 344
71 80
71 87
71 102
71 104
71 121
71 149
71 191
71 193
71 206
71 207
71 211
71 215
71 223
71 249
71 272
71 288
71 300
71 301
71 302
71 326
71 334
71 349
72 73
72 88
72 91
72 116
72 122
72 127
72 128
72 131
72 137
72 142
72 151
72 164
72 173
72 175
72 188
72 190
72 194
72 197
72 201
72 204
72 206
72 207
72 215
72 219
72 238
72 248
72 260
72 263
72 269
72 272
72 274
72 275
72 278
72 292
72 305
72 307
72 313
72 321
72 328
72 351
72 356
73 75
73 106
73 121
73 132
73 138
73 150
73 161
73 165
73 167
73 169
73 177
73 182
73 183
73 205
73 220
73 230
73 239
73 246
73 268
73 269
73 272
73 273
73 279
73 285
73 292
73 303
73 327
73 338
73 341
73 352
73 355
73 357
74 84
74 87
74 93
74 95
74 97
74 102
74 108
74 133
74 139
74 142
74 147
74 160
74 167
74 175
74 185
74 196
74 198
74 201
74 209
74 222
74 239
74 246
74 250
74 261
74 268
74 274
74 275
74 291
74 299
74 302
74 303
74 304
74 308
74 311
74 317
74 318
74 342
74 353
74 355
75 88
75 123
75 141
75 142
75 152
75 164
75 166
75 170
75 178
75 180
75 190
75 194
75 196
75 199
75 208
75 213
75 225
75 228
75 234
75 235
75 237
75 242
75 245
75 246
75 259
75 271
75 284
75 287
75 288
75 289
75 303
75 305
75 324
75 337
75 338
75 346
75 350
76 94
76 152
76 153
76 165
76 171
76 179
76 187
76 223
76 232
76 240
76 243
76 266
76 271
76 277
76 292
76 296
76 311
76 334
76 341
76 350
76 352
76 356
76 359
77 88
77 94
77 96
77 98
77 119
77 139
77 144
77 146
77 152
77 157
77 162
77 165
77 197
77 215
77 217
77 220
77 234
77 249
77 294
77 301
77 307
77 312
77 349
77 355
78 81
78 89
78 90
78 95
78 96
78 101
78 102
78 119
78 124
78 126
78 134
78 141
78 146
78 147
78 150
78 170
78 178
78 189
78 196
78 209
78 210
78 215
78 220
78 229
78 248
78 251
78 256
78 262
78 279
78 281
78 292
78 313
78 324
78 331
78 357
79 102
79 103
79 105
79 106
79 116
79 122
79 125
79 134
79 142
79 162
79 174
79 185
79 189
79 193
79 202
79 203
79 209
79 211
79 228
79 238
79 249
79 250
79 257
79 264
79 265
79 291
79 302
79 330
79 341
79 345
79 346
79 358
80 89
80 91
80 93
80 95
80 108
80 114
80 117
80 119
80 120
80 141
80 145
80 146
80 154
80 156
80 158
80 177
80 197
80 209
80 245
80 253
80 254
80 262
80 278
80 279
80 285
80 293
80 300
80 304
80 313
80 323
80 349
80 351
81 90
81 101
81 103
81 110
81 119
81 127
81 145
81 177
81 184
81 205
81 209
81 221
81 242
81 255
81 258
81 260
81 265
81 267
81 277
81 289
81 292
81 319
81 321
81 349
81 354
82 95
82 118
82 156
82 166
82 173
82 184
82 190
82 191
82 198
82 215
82 226
82 231
82 241
82 249
82 256
82 264
82 270
82 285
82 296
82 297
82 331
82 335
82 338
82 341
82 348
82 356
82 357
83 87
83 89
83 90
83 91
83 92
83 104
83 112
83 131
83 150
83 155
83 187
83 230
83 251
83 262
83 284
83 289
83 301
83 315
83 341
83 347
83 356
84 85
84 89
84 97
84 117
84 124
84 142
84 149
84 153
84 163
84 172
84 185
84 198
84 234
84 235
84 240
84 246
84 249
84 250
84 258
84 261
84 262
84 264
84 274
84 276
84 277
84 278
84 281
84 297
84 312
84 317
84 319
84 326
84 328
84 341
84 351
85 106
85 125
85 126
85 129
85 142
85 149
85 152
85 153
85 170
85 186
85 199
85 209
85 215
85 239
85 253
85 268
85 283
85 288
85 314
85 327
85 328
85 336
85 348
86 92
86 96
86 106
86 111
86 121
86 128
86 139
86 145
86 168
86 209
86 219
86 221
86 243
86 246
86 247
86 250
86 253
86 259
86 268
86 270
86 277
86 286
86 302
86 313
86 316
86 357
87 91
87 93
87 104
87 114
87 118
87 119
87 123
87 131
87 140
87 149
87 169
87 172
87 186
87 195
87 202
87 204
87 207
87 209
87 210
87 216
87 236
87 268
87 285
87 294
87 299
87 301
87 308
87 318
87 335
87 339
88 93
88 98
88 118
88 125
88 139
88 140
88 141
88 147
88 165
88 210
88 213
88 220
88 244
88 247
88 250
88 252
88 289
88 299
88 314
88 316
88 323
88 343
88 346
89 108
89 114
89 126
89 133
89 151
89 177
89 197
89 200
89 207
89 230
89 247
89 248
89 260
89 265
89 274
89 278
89 279
89 286
89 302
89 303
89 308
89 311
89 317
89 328
89 331
89 339
89 350
90 118
90 128
90 130
90 144
90 146
90 148
90 162
90 168
90 177
90 180
90 200
90 203
90 205
90 207
90 229
90 249
90 263
90 272
90 295
90 304
90 310
90 311
90 315
90 317
90 324
90 325
90 335
90 340
90 344
90 347
90 358
91 102
91 115
91 123
91 126
91 143
91 146
91 156
91 165
91 171
91 177
91 179
91 188
91 215
91 220
91 228
91 235
91 252
91 261
91 276
91 286
91 300
91 310
91 312
91 351
91 356
91 357
92 110
92 114
92 122
92 131
92 141
92 155
92 171
92 173
92 180
92 185
92 214
92 232
92 250
92 259
92 280
92 287
92 293
92 311
92 312
92 327
92 340
92 341
93 96
93 105
93 115
93 119
93 121
93 128
93 129
93 130
93 134
93 198
93 229
93 242
93 245
93 249
93 255
93 272
93 276
93 279
93 300
93 302
93 338
93 346
93 348
94 103
94 118
94 165
94 178
94 179
94 184
94 185
94 225
94 227
94 247
94 248
94 250
94 289
94 290
94 299
94 307
94 315
95 98
95 99
95 122
95 134
95 138
95 146
95 148
95 153
95 179
95 183
95 187
95 194
95 197
95 216
95 227
95 233
95 238
95 266
95 269
95 280
95 282
95 291
95 301
95 306
95 309
95 319
95 323
95 349
95 354
96 102
96 108
96 118
96 126
96 160
96 190
96 195
96 210
96 219
96 245
96 246
96 253
96 257
96 271
96 278
96 285
96 297
96 304
96 358
96 359
97 110
97 117
97 134
97 175
97 191
97 209
97 211
97 243
97 246
97 279
97 282
97 305
97 314
97 317
97 322
97 326
97 328
97 331
97 345
98 106
98 107
98 108
98 115
98 125
98 137
98 156
98 160
98 162
98 167
98 176
98 183
98 188
98 202
98 217
98 235
98 248
98 279
98 295
98 296
98 306
98 311
98 347
98 356
99 100
99 121
99 137
99 152
99 157
99 160
99 162
99 173
99 194
99 196
99 205
99 231
99 235
99 242
99 256
99 262
99 272
99 276
99 281
99 283
99 303
99 308
99 328
100 101
100 104
100 105
100 110
100 114
100 117
100 119
100 164
100 166
100 172
100 184
100 193
100 199
100 205
100 207
100 219
100 220
100 244
100 250
100 257
100 259
100 285
100 327
100 329
100 335
101 114
101 118
101 140
101 142
101 149
101 189
101 190
101 193
101 197
101 218
101 221
101 237
101 243
101 251
101 258
101 261
101 275
101 287
101 288
101 295
101 307
101 309
101 316
101 325
101 332
101 338
101 340
101 342
101 348
102 107
102 116
102 132
102 167
102 170
102 177
102 209
102 237
102 241
102 265
102 266
102 278
102 281
102 294
102 295
102 308
102 315
102 332
102 343
102 345
102 355
102 358
103 114
103 122
103 126
103 141
103 142
103 147
103 165
103 176
103 178
103 187
103 195
103 202
103 216
103 240
103 249
103 265
103 276
103 283
103 285
103 287
103 288
103 302
103 313
103 320
103 330
103 336
103 339
103 345
103 350
103 354
104 123
104 125
104 128
104 133
104 150
104 156
104 160
104 171
104 191
104 193
104 211
104 212
104 217
104 219
104 222
104 235
104 236
104 240
104 259
104 270
104 281
104 302
104 332
104 338
104 341
104 354
104 355
105 115
105 121
105 167
105 168
105 181
105 185
105 204
105 217
105 244
105 254
105 266
105 271
105 284
105 308
105 323
105 327
105 328
105 343
106 108
106 110
106 113
106 118
106 123
106 152
106 161
106 165
106 166
106 181
106 199
106 201
106 221
106 235
106 241
106 244
106 252
106 256
106 258
106 282
106 284
106 292
106 310
106 320
106 322
106 323
106 324
106 337
106 346
106 353
106 355
106 357
107 108
107 114
107 135
107 153
107 154
107 159
107 162
107 165
107 166
107 167
107 176
107 177
107 192
107 193
107 217
107 234
107 241
107 250
107 253
107 255
107 261
107 271
107 292
107 301
107 307
107 310
107 323
107 325
107 335
107 337
107 340
108 120
108 130
108 145
108 149
108 150
108 155
108 156
108 167
108 189
108 190
108 211
108 227
108 231
108 249
108 253
108 262
108 269
108 277
108 286
108 287
108 308
108 331
108 333
108 357
109 116
109 118
109 119
109 143
109 147
109 154
109 157
109 161
109 164
109 179
109 180
109 207
109 216
109 230
109 236
109 244
109 245
109 246
109 260
109 266
109 276
109 293
109 301
109 338
109 354
109 355
109 357
110 112
110 115
110 137
110 141
110 158
110 165
110 169
110 173
110 194
110 209
110 210
110 212
110 233
110 258
110 259
110 278
110 289
110 291
110 298
110 306
110 308
110 322
110 339
110 347
110 353
111 114
111 119
111 122
111 129
111 131
111 137
111 156
111 167
111 207
111 209
111 220
111 221
111 223
111 232
111 235
111 240
111 266
111 287
111 291
111 293
111 295
111 300
111 302
111 309
111 313
111 320
111 325
111 333
111 336
111 339
111 342
112 113
112 123
112 139
112 167
112 174
112 178
112 183
112 185
112 222
112 235
112 236
112 250
112 257
112 264
112 287
112 288
112 290
112 302
112 320
112 325
112 330
112 339
112 348
112 352
112 354
113 119
113 134
113 136
113 145
113 147
113 154
113 163
113 166
113 175
113 180
113 184
113 225
113 231
113 234
113 241
113 249
113 252
113 285
113 295
113 306
113 320
113 329
113 331
113 340
113 350
113 359
114 117
114 126
114 144
114 152
114 154
114 157
114 185
114 186
114 187
114 217
114 219
114 230
114 231
114 236
114 252
114 257
114 270
114 280
114 297
114 316
114 324
114 325
114 334
114 339
114 344
114 351
115 121
115 169
115 172
115 174
115 189
115 193
115 200
115 212
115 221
115 229
115 236
115 237
115 253
115 258
115 265
115 278
115 303
115 307
115 310
115 318
115 319
115 324
115 325
115 338
115 339
115 344
116 174
116 192
116 206
116 210
116 211
116 216
116 217
116 235
116 236
116 242
116 257
116 288
116 299
116 300
116 309
116 316
116 326
116 352
117 129
117 141
117 152
117 160
117 182
117 231
117 249
117 258
117 266
117 276
117 283
117 291
117 292
117 310
117 313
117 344
118 122
118 126
118 127
118 132
118 136
118 142
118 157
118 184
118 189
118 203
118 234
118 248
118 261
118 291
118 293
118 294
118 299
118 310
118 313
118 324
118 327
118 329
118 330
118 335
119 141
119 144
119 145
119 146
119 157
119 163
119 171
119 183
119 191
119 199
119 228
119 231
119 251
119 259
119 275
119 280
119 285
119 302
119 303
119 309
119 348
119 350
120 131
120 141
120 154
120 160
120 167
120 173
120 174
120 198
120 201
120 223
120 225
120 231
120 232
120 242
120 248
120 263
120 290
120 296
120 308
120 313
120 314
120 322
120 328
120 330
120 333
120 337
120 341
120 351
121 134
121 135
121 140
121 148
121 160
121 164
121 173
121 201
121 209
121 212
121 223
121 239
121 242
121 251
121 261
121 264
121 268
121 280
121 285
121 292
121 308
121 323
122 123
122 149
122 150
122 153
122 158
122 168
122 169
122 174
122 193
122 200
122 202
122 216
122 227
122 251
122 270
122 299
122 301
122 304
122 336
122 340
123 134
123 138
123 149
123 153
123 175
123 196
123 199
123 202
123 206
123 209
123 221
123 223
123 224
123 237
123 260
123 268
123 301
123 304
123 306
123 309
123 314
123 322
123 330
123 345
123 349
123 358
124 135
124 136
124 139
124 145
124 154
124 168
124 171
124 197
124 205
124 212
124 227
124 239
124 255
124 262
124 264
124 265
124 269
124 278
124 282
124 300
124 305
124 326
124 351
124 352
124 354
125 144
125 145
125 156
125 166
125 167
125 168
125 185
125 189
125 217
125 246
125 252
125 255
125 270
125 287
125 291
125 296
125 309
125 310
125 313
125 317
125 337
125 357
126 135
126 154
126 155
126 187
126 192
126 215
126 217
126 221
126 226
126 233
126 255
126 259
126 260
126 261
126 262
126 265
126 269
126 277
126 281
126 316
126 329
126 332
126 337
126 342
126 349
126 354
127 146
127 157
127 181
127 215
127 229
127 233
127 235
127 239
127 242
127 248
127 253
127 267
127 276
127 299
127 307
127 320
127 323
127 331
127 352
128 141
128 150
128 161
128 168
128 175
128 184
128 189
128 200
128 209
128 222
128 224
128 249
128 253
128 263
128 311
128 319
128 321
128 323
128 327
128 335
128 348
128 349
128 352
129 134
129 142
129 143
129 163
129 164
129 169
129 173
129 175
129 179
129 211
129 217
129 218
129 220
129 222
129 245
129 269
129 272
129 287
129 294
129 304
129 327
129 343
129 344
129 348
130 139
130 146
130 147
130 182
130 184
130 195
130 215
130 216
130 253
130 259
130 263
130 264
130 275
130 276
130 279
130 301
130 303
130 320
130 332
130 334
130 339
130 359
131 132
131 139
131 143
131 170
131 177
131 187
131 198
131 203
131 214
131 231
131 234
131 244
131 247
131 259
131 271
131 279
131 282
131 288
131 299
131 307
131 328
131 338
131 343
131 349
131 351
131 355
132 136
132 148
132 164
132 167
132 178
132 186
132 192
132 194
132 199
132 207
132 223
132 233
132 239
132 243
132 249
132 258
132 269
132 270
132 283
132 284
132 291
132 314
132 326
132 328
132 347
132 357
132 359
133 134
133 144
133 146
133 165
133 180
133 205
133 213
133 265
133 271
133 281
133 308
133 310
133 311
133 318
133 322
133 342
133 356
134 145
134 147
134 158
134 179
134 189
134 194
134 195
134 205
134 216
134 234
134 247
134 249
134 250
134 255
134 256
134 261
134 267
134 275
134 280
134 295
134 305
134 312
134 317
134 339
134 343
134 344
134 348
134 355
134 358
135 149
135 159
135 162
135 164
135 168
135 179
135 197
135 215
135 219
135 225
135 234
135 288
135 289
135 297
135 306
135 316
135 331
135 332
135 358
136 144
136 148
136 153
136 164
136 171
136 176
136 178
136 194
136 218
136 235
136 249
136 252
136 258
136 260
136 261
136 285
136 286
136 310
136 326
136 327
136 359
137 150
137 151
137 163
137 171
137 178
137 183
137 206
137 229
137 262
137 272
137 285
137 292
137 302
137 303
137 305
137 325
137 341
137 344
138 146
138 162
138 163
138 178
138 191
138 205
138 215
138 224
138 248
138 290
138 296
138 307
138 312
138 313
138 327
138 333
138 334
139 155
139 158
139 185
139 197
139 211
139 213
139 214
139 225
139 227
139 236
139 259
139 265
139 266
139 268
139 275
139 294
139 311
139 320
139 327
139 343
140 150
140 152
140 154
140 156
140 166
140 170
140 189
140 190
140 200
140 206
140 208
140 239
140 255
140 264
140 265
140 266
140 271
140 278
140 308
140 312
140 328
140 340
141 171
141 191
141 211
141 212
141 221
141 233
141 234
141 238
141 239
141 240
141 247
141 249
141 252
141 259
141 290
141 293
141 321
141 330
141 355
142 146
142 161
142 164
142 186
142 192
142 200
142 208
142 223
142 226
142 263
142 264
142 275
142 278
142 282
142 283
142 297
142 316
142 322
142 328
142 330
142 339
142 346
143 145
143 148
143 159
143 164
143 169
143 173
143 193
143 200
143 216
143 245
143 263
143 269
143 270
143 272
143 281
143 305
143 306
143 317
143 322
143 327
143 359
144 175
144 183
144 192
144 200
144 201
144 204
144 212
144 219
144 233
144 271
144 279
144 295
144 318
144 321
144 323
144 333
144 339
144 347
145 147
145 162
145 179
145 182
145 188
145 197
145 206
145 214
145 226
145 234
145 237
145 239
145 243
145 256
145 263
145 264
145 287
145 309
145 310
145 311
145 332
145 341
145 344
145 350
145 354
145 358
146 157
146 162
146 177
146 182
146 210
146 217
146 233
146 239
146 240
146 252
146 261
146 263
146 271
146 278
146 287
146 293
146 303
146 306
146 308
146 315
146 316
146 320
146 321
147 187
147 192
147 202
147 208
147 223
147 239
147 250
147 260
147 261
147 272
147 285
147 294
147 295
147 304
147 317
147 318
147 325
147 328
148 166
148 185
148 203
148 218
148 237
148 238
148 246
148 255
148 257
148 281
148 282
148 283
148 296
148 297
148 301
148 311
148 314
148 323
148 353
148 358
149 150
149 200
149 224
149 244
149 272
149 286
149 292
149 294
149 312
149 318
149 321
149 332
150 156
150 188
150 213
150 214
150 219
150 220
150 221
150 239
150 244
150 251
150 255
150 261
150 266
150 269
150 273
150 274
150 278
150 287
150 290
150 294
150 295
150 305
150 320
150 341
150 354
150 355
150 358
151 169
151 177
151 194
151 200
151 202
151 204
151 210
151 213
151 216
151 219
151 249
151 255
151 259
151 266
151 279
151 280
151 285
151 302
151 304
151 310
151 323
151 328
151 331
151 335
151 342
151 346
151 347
152 164
152 179
152 181
152 184
152 193
152 200
152 203
152 208
152 209
152 212
152 221
152 226
152 227
152 228
152 247
152 248
152 269
152 271
152 277
152 281
152 306
152 315
152 318
152 322
152 327
152 354
153 167
153 177
153 179
153 180
153 185
153 189
153 190
153 194
153 200
153 206
153 221
153 223
153 226
153 230
153 236
153 237
153 252
153 266
153 283
153 285
153 312
153 344
153 355
153 359
154 159
154 184
154 186
154 205
154 216
154 220
154 232
154 236
154 254
154 260
154 266
154 291
154 294
154 305
154 307
154 315
154 316
154 318
154 328
154 339
154 341
154 346
154 348
155 171
155 203
155 205
155 213
155 216
155 234
155 239
155 241
155 249
155 271
155 273
155 277
155 287
155 296
155 313
155 338
155 358
155 359
156 183
156 223
156 232
156 236
156 251
156 256
156 265
156 294
156 295
156 305
156 324
156 326
156 327
156 330
156 332
156 359
157 166
157 176
157 182
157 201
157 208
157 223
157 239
157 242
157 247
157 252
157 253
157 267
157 303
157 307
157 343
157 348
157 354
157 356
158 169
158 172
158 181
158 199
158 200
158 205
158 208
158 217
158 219
158 222
158 224
158 226
158 241
158 248
158 249
158 251
158 254
158 267
158 281
158 292
158 295
158 299
158 307
158 309
158 310
158 334
158 341
158 343
158 350
158 352
158 357
159 161
159 166
159 185
159 191
159 206
159 235
159 240
159 245
159 263
159 282
159 297
159 311
159 318
159 330
159 332
159 339
160 162
160 174
160 181
160 191
160 209
160 219
160 222
160 244
160 261
160 268
160 272
160 277
160 281
160 297
160 300
160 301
160 310
160 318
160 319
160 327
160 337
160 339
160 344
160 353
160 358
161 168
161 172
161 187
161 207
161 209
161 210
161 214
161 231
161 232
161 233
161 242
161 247
161 268
161 273
161 279
161 284
161 288
161 304
161 310
161 324
161 333
161 338
161 341
161 349
161 351
161 355
162 168
162 190
162 204
162 207
162 208
162 226
162 243
162 249
162 268
162 280
162 281
162 292
162 295
162 296
162 325
162 327
162 333
162 350
162 351
163 168
163 174
163 191
163 196
163 198
163 214
163 221
163 223
163 287
163 299
163 326
163 333
163 349
163 357
164 172
164 176
164 188
164 192
164 197
164 203
164 212
164 219
164 234
164 254
164 272
164 279
164 293
164 313
164 315
164 324
164 325
164 327
164 338
164 340
164 346
164 349
164 357
165 173
165 186
165 192
165 200
165 214
165 230
165 231
165 238
165 266
165 292
165 297
165 312
165 317
165 321
165 325
165 349
165 350
165 351
165 358
166 173
166 180
166 190
166 207
166 213
166 225
166 228
166 232
166 233
166 240
166 260
166 261
166 262
166 279
166 283
166 285
166 302
166 306
166 318
166 348
166 355
167 174
167 180
167 182
167 193
167 206
167 208
167 212
167 239
167 244
167 255
167 259
167 270
167 273
167 274
167 279
167 286
167 287
167 297
167 320
167 321
167 332
167 340
167 345
167 346
167 355
167 357
168 173
168 174
168 194
168 201
168 202
168 203
168 216
168 217
168 228
168 234
168 236
168 242
168 250
168 263
168 265
168 267
168 271
168 275
168 283
168 291
168 294
168 297
168 302
168 313
168 315
168 323
168 325
168 327
168 329
168 331
168 349
168 352
168 356
169 184
169 187
169 190
169 192
169 209
169 221
169 232
169 246
169 263
169 271
169 274
169 287
169 291
169 296
169 319
169 322
169 324
169 345
169 346
169 349
169 353
170 183
170 208
170 214
170 219
170 234
170 241
170 246
170 257
170 264
170 266
170 271
170 286
170 288
170 298
170 303
170 308
170 315
170 343
170 345
170 346
171 194
171 195
171 199
171 200
171 207
171 222
171 224
171 230
171 238
171 249
171 252
171 261
171 262
171 282
171 285
171 291
171 326
171 327
171 328
171 336
171 342
172 226
172 265
172 291
172 294
172 295
172 307
172 309
172 322
172 344
172 354
172 355
173 179
173 195
173 201
173 206
173 208
173 209
173 216
173 217
173 222
173 229
173 242
173 250
173 252
173 254
173 279
173 294
173 295
173 300
173 325
173 330
173 336
173 337
174 183
174 185
174 186
174 194
174 199
174 201
174 209
174 229
174 230
174 231
174 236
174 255
174 278
174 282
174 283
174 305
174 321
174 337
174 340
175 193
175 204
175 230
175 243
175 250
175 260
175 286
175 315
175 321
175 322
175 324
175 333
175 340
175 349
176 183
176 195
176 210
176 218
176 221
176 225
176 236
176 237
176 256
176 277
176 282
176 290
176 292
176 311
176 312
176 319
176 329
176 330
176 343
176 351
177 178
177 179
177 186
177 193
177 194
177 216
177 217
177 260
177 263
177 313
177 349
178 180
178 213
178 236
178 245
178 256
178 266
178 268
178 270
178 271
178 289
178 324
178 326
178 328
178 335
178 354
178 357
179 197
179 198
179 200
179 212
179 214
179 226
179 237
179 253
179 279
179 284
179 295
179 301
179 310
179 321
179 322
179 325
179 331
179 334
179 341
179 343
179 358
180 187
180 192
180 200
180 204
180 216
180 221
180 226
180 230
180 239
180 242
180 246
180 253
180 255
180 259
180 264
180 284
180 285
180 289
180 294
180 302
180 318
180 329
180 343
180 355
180 359
181 182
181 192
181 202
181 232
181 253
181 285
181 286
181 288
181 320
181 333
181 342
181 344
182 205
182 211
182 218
182 222
182 229
182 231
182 234
182 249
182 252
182 277
182 281
182 287
182 311
182 320
182 326
182 330
182 354
183 187
183 189
183 192
183 193
183 207
183 254
183 256
183 267
183 269
183 298
183 299
183 308
183 349
184 187
184 193
184 199
184 206
184 207
184 213
184 218
184 220
184 228
184 234
184 236
184 240
184 256
184 265
184 280
184 282
184 297
184 304
184 311
184 313
184 318
184 329
184 335
184 357
185 191
185 197
185 211
185 213
185 225
185 226
185 227
185 238
185 239
185 247
185 248
185 250
185 286
185 288
185 289
185 338
185 354
186 192
186 197
186 199
186 209
186 213
186 217
186 241
186 272
186 274
186 276
186 299
186 309
186 313
186 314
186 320
186 327
186 339
186 345
187 203
187 212
187 227
187 233
187 242
187 255
187 261
187 262
187 263
187 277
187 288
187 292
187 297
187 305
187 319
187 326
187 339
187 340
187 348
187 354
188 226
188 254
188 266
188 270
188 279
188 349
188 354
188 355
188 356
189 241
189 243
189 263
189 269
189 297
189 302
189 305
189 307
189 321
189 331
189 333
189 339
189 341
189 344
189 351
189 357
190 197
190 199
190 204
190 213
190 215
190 219
190 229
190 234
190 244
190 245
190 249
190 262
190 264
190 283
190 285
190 293
190 313
190 320
190 322
190 327
190 337
190 338
190 348
190 352
190 355
191 199
191 221
191 229
191 237
191 248
191 249
191 258
191 300
191 329
191 340
191 343
191 347
192 200
192 204
192 205
192 210
192 215
192 232
192 245
192 290
192 324
192 329
192 338
193 232
193 234
193 236
193 241
193 244
193 247
193 249
193 257
193 260
193 265
193 277
193 283
193 297
193 298
193 302
193 314
193 347
193 348
193 349
193 356
194 202
194 209
194 215
194 222
194 245
194 254
194 258
194 274
194 280
194 305
194 316
194 320
194 325
194 357
195 223
195 227
195 233
195 269
195 294
195 310
195 315
195 328
196 213
196 218
196 226
196 257
196 261
196 265
196 271
196 273
196 298
196 309
196 331
196 343
196 344
196 358
196 359
197 199
197 200
197 201
197 213
197 224
197 234
197 241
197 243
197 247
197 251
197 263
197 264
197 291
197 292
197 331
197 333
197 342
197 348
197 349
198 200
198 229
198 236
198 239
198 246
198 255
198 265
198 274
198 280
198 281
198 290
198 299
198 312
198 327
198 348
199 211
199 216
199 219
199 227
199 231
199 235
199 244
199 250
199 261
199 268
199 272
199 274
199 305
199 308
199 310
199 314
199 320
199 325
199 330
199 338
199 339
199 346
199 351
199 355
200 210
200 239
200 241
200 243
200 266
200 269
200 295
200 314
200 315
200 330
200 338
200 339
200 344
201 203
201 210
201 214
201 230
201 248
201 256
201 271
201 291
201 297
201 304
201 310
201 315
201 350
201 355
202 204
202 207
202 214
202 225
202 227
202 268
202 279
202 280
202 297
202 302
202 318
203 210
203 214
203 217
203 219
203 240
203 246
203 252
203 281
203 290
203 295
203 301
203 302
203 303
203 304
203 311
203 319
203 323
203 324
203 339
203 342
204 206
204 216
204 237
204 239
204 251
204 252
204 274
204 281
204 285
204 291
204 293
204 303
204 309
204 323
204 332
204 333
204 339
204 348
204 359
205 214
205 238
205 241
205 246
205 274
205 285
205 295
205 352
205 356
205 357
206 210
206 212
206 223
206 237
206 238
206 304
206 308
206 322
206 338
206 351
207 233
207 254
207 266
207 275
207 315
207 325
207 332
207 339
207 340
207 347
208 220
208 245
208 250
208 257
208 287
208 298
208 304
208 308
208 317
208 326
208 345
208 351
208 354
208 359
209 212
209 220
209 221
209 223
209 237
209 252
209 259
209 260
209 273
209 291
209 294
209 299
209 300
209 329
209 331
209 334
209 346
209 348
210 239
210 250
210 253
210 259
210 268
210 287
210 288
210 290
210 304
210 314
210 320
210 328
210 332
210 334
210 342
210 347
211 224
211 242
211 246
211 259
211 276
211 299
211 301
211 304
211 318
211 322
211 324
211 326
211 351
212 226
212 229
212 235
212 237
212 238
212 257
212 267
212 270
212 308
212 310
212 312
212 321
212 324
212 348
213 227
213 234
213 247
213 249
213 251
213 252
213 257
213 272
213 275
213 294
213 297
213 304
213 318
213 325
213 331
213 334
213 337
213 340
213 356
214 274
214 278
214 279
214 281
214 283
214 286
214 297
214 298
214 307
214 311
214 318
214 319
214 327
215 222
215 245
215 259
215 261
215 271
215 283
215 309
215 314
215 317
215 326
215 340
215 341
215 347
216 227
216 229
216 230
216 231
216 234
216 240
216 246
216 259
216 270
216 276
216 282
216 286
216 296
216 304
216 348
216 357
216 359
217 220
217 231
217 237
217 241
217 243
217 252
217 254
217 257
217 262
217 302
217 304
217 307
217 308
217 321
217 326
217 353
218 222
218 223
218 237
218 245
218 247
218 270
218 271
218 282
218 292
218 293
218 295
218 331
218 341
218 348
219 221
219 243
219 247
219 255
219 260
219 263
219 264
219 277
219 282
219 286
219 304
219 324
219 327
219 333
219 334
219 336
219 339
219 348
220 228
220 233
220 234
220 240
220 241
220 272
220 276
220 283
220 285
220 308
220 311
220 317
220 320
220 325
220 339
220 358
221 224
221 234
221 236
221 244
221 249
221 255
221 260
221 277
221 287
221 291
221 324
221 357
222 236
222 237
222 240
222 261
222 293
222 303
222 306
222 315
222 320
222 323
222 325
222 330
222 337
222 354
223 230
223 235
223 240
223 246
223 259
223 264
223 265
223 266
223 275
223 306
223 313
223 314
223 315
223 318
223 325
223 326
223 339
223 350
223 357
224 228
224 234
224 236
224 249
224 252
224 284
224 297
224 299
224 302
224 322
224 330
224 339
224 347
224 348
224 354
225 234
225 237
225 247
225 250
225 253
225 258
225 267
225 292
225 293
225 299
225 303
225 324
225 328
225 334
225 344
226 245
226 251
226 252
226 253
226 261
226 262
226 300
226 304
226 309
226 333
226 335
226 336
226 352
226 355
227 233
227 238
227 243
227 251
227 255
227 286
227 313
228 241
228 248
228 252
228 257
228 262
228 286
228 288
228 325
228 326
228 332
228 338
228 339
228 354
229 236
229 241
229 261
229 270
229 278
229 302
229 303
229 306
229 319
229 350
229 359
230 241
230 249
230 261
230 264
230 265
230 267
230 275
230 284
230 306
230 315
230 322
230 341
230 343
230 347
231 232
231 245
231 252
231 262
231 275
231 276
231 285
231 308
231 311
231 329
231 331
231 343
231 344
231 354
231 357
231 358
232 235
232 243
232 245
232 246
232 276
232 283
232 324
232 325
232 333
232 334
232 335
232 339
232 341
232 351
232 358
233 261
233 263
233 269
233 278
233 279
233 288
233 303
233 310
233 315
233 319
233 323
233 325
233 326
233 330
233 333
233 343
233 348
234 254
234 257
234 259
234 260
234 267
234 275
234 297
234 302
234 303
234 311
234 315
234 335
234 339
234 346
235 236
235 251
235 262
235 272
235 273
235 275
235 285
235 289
235 314
235 316
235 317
235 318
235 340
236 251
236 260
236 263
236 266
236 279
236 324
236 337
236 339
237 238
237 256
237 290
237 308
237 324
238 249
238 252
238 255
238 257
238 259
238 263
238 294
238 297
238 314
238 318
238 324
238 326
238 346
238 359
239 245
239 262
239 264
239 280
239 291
239 295
239 310
239 312
239 315
239 332
239 333
240 244
240 253
240 257
240 273
240 298
240 304
240 307
240 312
240 332
240 345
241 259
241 263
241 269
241 270
241 286
241 296
241 313
241 320
241 332
241 333
242 252
242 255
242 272
242 274
242 278
242 325
242 327
242 328
242 330
242 347
242 349
242 357
243 246
243 251
243 255
243 270
243 276
243 312
243 320
243 333
243 337
243 343
243 350
243 351
243 355
244 254
244 266
244 278
244 312
244 317
244 321
244 330
244 339
244 341
244 347
245 258
245 259
245 265
245 267
245 268
245 274
245 276
245 283
245 287
245 302
245 326
245 346
245 349
245 358
246 253
246 269
246 281
246 291
246 303
246 312
246 331
246 339
246 352
246 354
246 359
247 258
247 278
247 292
247 294
247 311
247 340
247 359
248 281
248 291
248 301
248 302
248 307
248 315
248 354
248 358
249 252
249 272
249 290
249 299
249 313
249 324
250 252
250 256
250 264
250 273
250 296
250 300
250 307
250 330
250 334
250 337
250 338
250 342
250 347
251 269
251 283
251 287
251 289
251 311
251 312
251 314
251 333
251 334
251 335
252 260
252 276
252 285
252 288
252 289
252 299
252 304
252 319
252 325
252 331
252 339
252 343
252 345
252 356
253 258
253 260
253 263
253 289
253 299
253 328
253 336
253 341
253 351
254 256
254 263
254 276
254 282
254 284
254 292
254 293
254 303
254 316
254 325
254 332
254 334
254 338
254 344
254 358
255 261
255 262
255 263
255 275
255 288
255 291
255 292
255 310
255 322
255 347
256 266
256 268
256 286
256 290
256 291
256 296
256 299
256 304
256 312
256 323
256 339
257 258
257 275
257 308
257 333
257 339
258 288
258 297
258 305
258 306
258 312
258 319
258 350
259 262
259 264
259 283
259 288
259 291
259 293
259 298
259 302
259 337
259 346
259 353
260 261
260 274
260 275
260 286
260 298
260 314
260 316
260 326
260 331
260 347
261 280
261 282
261 285
261 299
261 310
261 316
261 318
261 332
262 267
262 268
262 270
262 291
262 296
262 297
262 307
262 309
262 333
262 359
263 267
263 271
263 272
263 279
263 280
263 301
263 313
263 345
263 357
264 270
264 275
264 280
264 283
264 287
264 288
264 291
264 295
264 309
264 327
264 338
264 346
265 283
265 290
265 301
266 268
266 278
266 280
266 287
266 302
266 305
266 314
266 357
267 292
267 311
267 319
267 338
267 349
268 277
268 296
268 304
268 328
268 330
268 339
268 343
268 353
269 290
269 306
269 320
269 323
269 351
269 352
269 356
270 271
270 276
270 291
270 301
270 310
270 319
270 320
270 338
270 354
271 273
271 282
271 283
271 290
271 303
271 312
271 337
271 342
272 282
272 289
272 296
272 330
272 333
272 351
272 354
273 274
273 292
273 299
273 304
273 329
273 356
274 288
274 291
274 299
274 304
274 306
274 307
274 315
274 320
274 355
274 358
275 280
275 286
275 288
275 296
275 301
275 302
275 318
275 338
275 340
275 343
276 283
276 297
276 322
276 327
276 329
276 334
276 345
276 347
276 354
276 355
276 357
277 282
277 288
277 294
277 302
277 308
277 317
277 320
277 325
277 332
277 344
277 353
278 279
278 293
278 295
278 304
278 341
278 347
278 351
278 354
279 297
279 313
279 317
279 340
279 341
279 347
279 352
279 357
280 294
280 301
280 303
280 337
280 339
280 341
280 347
280 359
281 295
281 297
281 314
281 317
281 324
281 329
281 333
281 358
281 359
282 286
282 305
282 307
282 316
282 330
282 355
283 291
283 293
283 314
283 350
283 352
284 302
284 319
284 323
284 347
285 288
285 290
285 291
285 309
285 318
285 327
285 329
285 337
286 303
286 325
286 328
286 343
286 348
286 356
287 290
287 317
287 320
287 321
287 349
287 356
288 305
288 327
288 343
288 344
288 345
288 347
289 291
289 301
289 312
289 320
289 330
289 331
289 345
290 310
290 314
290 320
290 326
290 331
291 301
291 306
291 309
291 310
291 312
291 318
291 325
291 335
291 339
292 302
292 313
292 322
292 349
293 303
293 304
293 307
293 309
293 321
293 349
293 350
294 318
294 341
294 353
295 296
295 310
295 338
295 359
296 303
296 305
296 311
296 316
296 317
296 321
296 331
296 336
296 350
297 306
297 312
297 313
297 315
297 323
297 325
297 349
298 306
298 324
298 333
298 342
298 350
299 302
299 303
299 304
299 325
299 326
299 343
299 353
299 359
300 316
300 321
300 331
300 337
300 348
300 352
301 309
301 311
301 325
301 329
301 341
301 342
301 346
301 352
302 315
302 321
302 333
302 346
302 349
302 352
303 312
303 316
303 319
303 320
303 323
303 328
303 330
303 333
303 342
303 345
304 313
304 314
304 317
304 339
304 356
305 309
305 337
305 338
305 345
305 352
306 317
306 323
306 335
306 346
306 353
307 308
307 313
307 318
307 320
307 325
307 327
307 340
307 350
307 351
307 352
307 359
308 309
308 311
308 318
308 333
308 334
308 341
308 344
308 347
308 353
309 325
309 326
309 346
309 350
310 324
310 356
311 329
311 330
311 345
311 351
312 325
312 326
312 348
312 353
312 357
312 358
313 316
313 327
313 331
313 335
313 336
314 322
314 324
314 328
314 340
314 343
314 351
315 317
315 318
315 332
315 338
315 348
315 353
315 359
316 336
316 342
316 346
316 349
317 319
317 326
317 334
317 355
317 356
318 320
319 324
319 348
319 359
320 336
320 338
321 345
321 346
321 347
321 355
322 329
322 333
322 347
322 354
322 358
323 325
323 326
323 327
323 331
323 334
323 345
323 354
323 358
324 345
325 336
325 337
325 344
325 354
325 355
326 327
326 347
326 350
326 356
326 359
327 339
327 345
327 346
327 349
327 352
328 345
328 350
331 355
332 349
333 340
333 349
334 352
335 339
335 347
335 350
335 359
336 346
336 356
336 357
337 352
337 355
338 341
338 343
338 353
339 342
339 345
339 358
339 359
340 347
340 357
341 359
342 344
342 345
342 353
343 344
343 345
343 351
344 348
344 350
344 351
345 348
345 352
346 352
346 357
347 348
348 352
351 352
353 357
354 357
356 357
