100 474
0 14
0 15
0 27
0 53
0 66
0 69
0 78
0 95
0 96
1 22
1 43
2 21
2 24
2 25
2 30
2 40
2 42
2 61
2 75
2 91
2 96
3 32
3 41
3 55
3 74
4 25
4 29
4 33
4 36
4 43
4 55
4 73
4 76
4 84
4 85
4 90
4 91
5 18
5 19
5 43
5 52
5 64
5 85
5 87
5 88
6 11
6 14
6 34
6 36
6 42
6 44
6 64
7 18
7 22
7 29
7 59
7 65
7 66
7 69
7 80
7 92
8 9
8 16
8 24
8 25
8 27
8 34
8 45
8 47
8 56
8 59
8 60
8 79
9 26
9 52
9 83
9 92
9 96
10 29
10 59
10 69
10 72
10 85
10 92
11 15
11 32
11 50
11 66
11 74
11 83
11 89
12 18
12 38
12 41
12 61
12 69
12 72
12 77
12 80
12 86
12 87
12 93
13 18
13 28
13 37
13 41
13 50
13 51
13 57
13 77
13 90
13 94
14 16
14 19
14 27
14 50
14 69
14 81
15 18
15 26
15 34
15 40
15 52
15 64
15 74
16 21
16 22
16 33
16 47
16 72
16 75
16 80
16 83
16 91
17 23
17 24
17 51
17 59
17 68
17 74
17 88
17 96
17 98
18 22
18 24
18 29
18 33
18 34
18 42
18 48
18 50
18 72
18 75
18 88
18 99
19 51
19 70
19 73
19 82
19 83
19 89
19 97
20 28
20 29
20 31
20 47
20 58
20 65
20 86
20 87
21 36
21 65
21 83
22 25
22 32
22 42
22 46
22 81
22 88
22 97
23 37
23 41
23 55
23 60
23 70
23 74
23 85
24 29
24 35
24 36
24 51
24 67
24 68
24 76
24 96
24 99
25 29
25 84
25 97
25 99
26 35
26 51
26 61
26 81
26 83
26 88
26 90
26 98
27 32
27 39
27 62
27 64
27 77
27 90
28 38
28 48
28 68
28 82
28 84
28 89
28 90
29 37
29 38
29 66
29 85
29 96
30 46
30 62
30 65
30 67
30 88
30 93
31 52
31 53
31 79
31 89
31 92
32 50
32 53
32 54
32 66
32 76
32 80
32 84
32 89
32 95
33 42
33 54
33 61
33 73
33 84
33 97
34 41
34 49
34 56
34 64
34 86
34 87
34 89
34 95
35 55
35 65
35 68
35 70
35 77
35 83
35 89
35 95
36 40
36 67
36 71
36 78
36 86
36 87
36 96
37 41
37 42
37 50
37 60
37 65
37 75
37 81
37 82
37 90
37 91
37 99
38 61
38 64
38 76
38 94
39 81
39 85
39 97
39 99
40 43
40 55
40 59
40 67
40 83
41 46
41 47
41 50
41 81
41 83
42 45
42 58
42 62
42 71
42 86
42 96
42 98
43 47
43 82
43 84
43 96
44 46
44 57
44 60
44 72
44 76
44 86
44 87
44 97
45 49
45 50
45 53
45 85
45 93
46 57
46 64
46 68
46 95
47 58
47 61
47 69
47 79
47 80
48 57
48 65
48 77
48 78
49 51
49 68
49 79
49 82
49 90
49 95
50 77
50 87
50 88
50 98
51 77
51 90
52 55
52 63
52 68
52 79
53 56
53 60
53 69
53 88
54 55
54 58
54 59
54 65
54 80
54 82
54 93
55 76
55 80
55 84
55 87
56 67
56 73
56 80
56 84
58 78
58 82
58 87
59 66
59 84
59 85
59 94
59 96
59 98
60 61
60 70
60 78
60 92
61 62
61 74
61 80
61 87
61 99
62 64
62 77
62 80
62 88
62 98
63 64
63 96
64 75
64 80
64 83
64 94
64 96
64 97
64 99
65 76
65 79
65 86
65 92
65 94
66 89
67 68
67 76
67 84
67 85
67 96
67 97
68 84
68 90
68 96
69 76
69 92
69 94
69 97
70 89
70 94
71 75
72 81
72 93
72 96
73 76
73 80
73 85
73 94
73 96
74 77
74 81
74 85
74 93
75 91
75 93
76 80
76 94
78 97
78 98
79 88
79 89
79 91
80 86
80 98
81 92
82 85
82 89
83 84
84 91
84 95
85 94
86 89
87 90
88 89
88 91
88 99
89 95
89 99
90 95
90 98
90 99
91 93
91 94
95 97
97 99
