100 487
0 17
0 28
0 69
0 73
1 9
1 30
1 34
1 37
1 41
1 45
1 61
1 62
1 81
1 84
1 85
1 88
2 16
2 37
2 52
2 66
2 71
2 74
2 77
2 89
3 5
3 37
3 59
3 66
3 73
3 76
3 77
3 79
3 80
3 89
3 98
4 10
4 17
4 22
4 31
4 47
4 56
4 76
4 78
4 79
4 87
4 95
5 11
5 14
5 21
5 55
5 62
5 70
5 82
5 99
6 15
6 19
6 24
6 63
6 67
6 68
6 71
6 89
6 91
7 16
7 30
7 36
7 45
7 50
7 51
7 56
7 61
7 65
7 74
7 75
7 81
7 84
7 91
8 12
8 34
8 43
8 44
8 45
8 69
8 75
8 81
9 20
9 26
9 32
9 40
9 50
9 51
9 77
9 83
9 90
9 93
10 11
10 19
10 24
10 32
10 42
10 69
10 75
10 78
11 15
11 19
11 35
11 36
11 45
11 52
11 62
11 70
11 78
11 84
11 96
12 17
12 35
12 67
12 76
12 87
12 89
12 97
12 98
12 99
13 15
13 16
13 24
13 31
13 39
13 52
13 73
13 84
13 87
14 27
14 35
14 37
14 44
14 48
14 75
14 78
14 82
15 16
15 29
15 50
15 65
15 68
15 90
15 97
16 43
16 47
16 64
16 82
16 91
17 27
17 45
17 54
17 55
17 62
17 64
17 66
17 70
17 79
17 81
17 89
17 92
17 97
18 36
18 50
18 59
18 84
18 85
18 86
18 97
19 20
19 23
19 50
19 57
19 65
19 72
19 76
19 77
19 79
19 89
20 29
20 34
20 38
20 49
20 71
20 75
20 82
20 84
20 94
21 45
21 58
21 71
21 80
21 84
21 90
22 30
22 39
22 42
22 43
22 55
22 60
22 67
23 26
23 27
23 44
23 63
23 72
23 86
23 97
24 30
24 32
24 35
24 36
24 42
24 61
24 62
25 29
25 71
25 76
25 85
25 90
26 27
26 34
26 37
26 43
26 48
26 61
26 67
26 77
26 94
26 97
26 99
27 30
27 56
27 64
27 71
27 74
27 77
27 80
27 83
27 91
28 43
28 53
28 62
29 58
29 61
29 66
29 76
29 79
29 80
29 94
29 95
30 45
30 51
30 61
30 67
30 75
30 76
30 81
30 82
30 92
30 99
31 34
31 44
31 57
31 83
32 33
32 43
32 77
32 83
32 96
33 37
33 46
33 47
33 48
33 61
33 81
33 91
33 92
33 99
34 42
34 74
34 84
35 49
35 83
35 85
35 86
36 39
36 52
36 59
36 64
36 79
36 80
36 90
36 93
37 44
37 52
37 55
37 59
37 67
37 83
37 96
38 50
38 57
38 81
39 44
39 47
39 61
39 72
39 79
39 81
39 88
39 94
40 47
40 65
40 69
40 74
40 84
40 94
40 96
41 42
41 43
41 55
41 78
41 83
41 93
41 98
42 50
42 71
42 75
42 82
42 93
42 94
42 97
43 44
43 55
43 58
43 73
43 76
43 79
44 67
44 69
45 55
45 66
45 71
45 75
45 78
45 80
45 85
45 91
45 92
46 69
46 75
46 77
46 78
46 82
46 92
47 79
47 96
47 99
48 53
48 61
48 68
48 83
48 90
49 64
49 70
49 80
49 81
49 85
49 88
50 65
50 86
51 53
51 66
51 78
51 80
51 81
51 86
51 93
52 89
52 96
53 67
53 86
53 95
54 57
54 70
54 80
54 92
54 98
55 72
55 75
55 76
55 83
55 88
56 64
56 75
56 93
56 98
57 71
57 75
57 89
57 96
57 97
58 61
58 63
58 73
58 83
58 87
58 89
59 79
59 98
60 68
60 81
61 67
61 79
61 84
61 96
62 63
62 71
62 75
62 89
62 93
63 86
63 88
63 91
63 94
64 83
65 72
65 85
65 92
66 70
66 82
66 99
67 70
67 77
67 85
68 82
68 87
69 71
69 73
69 75
69 76
69 86
70 72
70 84
70 86
71 75
71 84
71 88
71 93
73 81
73 85
73 91
73 97
75 76
75 80
75 89
76 85
77 84
77 92
77 93
78 82
78 97
79 81
79 91
80 81
80 91
80 93
81 85
81 87
81 95
81 97
82 93
82 99
83 89
84 94
85 91
86 93
86 95
86 98
87 90
93 97
94 99
95 97
