100 150
21 71
21 68
21 33
71 60
71 78
10 98
10 7
10 0
98 79
98 39
27 59
27 79
27 92
59 63
59 62
34 74
34 6
34 97
74 40
74 4
16 47
16 77
16 30
47 31
47 76
22 81
22 2
22 41
81 63
81 30
77 90
77 65
90 78
90 66
9 17
9 83
9 67
17 20
17 40
31 65
31 68
28 94
28 18
28 93
94 62
94 85
20 56
20 87
56 69
56 15
85 91
85 55
91 95
91 5
65 82
7 92
7 38
72 75
72 99
72 76
75 96
75 1
8 39
8 36
8 53
39 6
18 83
18 49
83 33
26 96
26 0
26 35
96 73
36 64
36 1
64 45
64 1
92 13
3 70
3 32
3 45
70 23
70 11
80 88
80 25
80 46
88 48
88 42
13 60
13 14
42 52
42 67
52 89
52 41
69 84
69 51
2 43
2 99
43 50
43 54
45 78
62 25
6 38
67 57
57 61
57 29
61 86
61 24
86 97
86 37
97 55
89 93
89 14
93 32
68 58
48 14
48 29
73 84
73 44
60 51
4 82
4 5
82 35
5 46
46 35
63 11
23 53
23 66
15 41
15 33
38 30
79 0
50 55
50 44
84 58
87 12
87 19
19 24
19 53
24 54
95 49
95 37
40 11
99 49
54 37
25 58
32 51
29 76
12 44
12 66
