100 150
15 85
15 29
15 0
85 34
85 8
1 31
1 8
1 12
31 32
31 98
16 84
16 13
16 48
84 11
84 71
39 88
39 27
39 40
88 86
88 64
22 26
22 59
22 36
26 14
26 44
77 90
77 57
77 61
90 10
90 34
14 95
14 43
95 53
95 79
23 43
23 70
23 83
43 7
0 78
0 65
78 9
78 82
61 91
61 38
91 42
91 55
75 99
75 48
75 93
99 53
99 17
62 74
62 63
62 4
74 27
74 80
17 51
17 18
51 57
51 79
42 68
42 65
68 4
68 54
34 89
5 76
5 6
5 44
76 2
76 59
11 71
11 20
71 10
38 55
38 82
55 81
8 60
57 3
18 58
18 3
58 94
58 59
50 93
50 49
50 87
93 30
82 80
45 60
45 87
45 89
60 29
72 86
72 53
72 64
86 25
7 94
7 80
94 65
87 48
9 21
9 54
21 52
21 81
19 98
19 52
19 67
98 20
52 24
89 37
41 67
41 73
41 66
67 4
49 30
49 35
69 92
69 63
69 47
92 96
92 33
12 97
12 37
10 33
33 29
25 63
25 6
56 73
56 13
56 24
73 13
70 32
70 35
79 40
97 47
97 32
96 28
96 36
28 54
28 44
30 83
40 2
2 6
64 37
83 46
81 66
27 46
20 66
46 3
47 35
24 36
