100 150
44 45
44 47
44 28
45 60
45 57
50 61
50 69
50 16
61 39
61 16
72 91
72 32
72 43
91 98
91 27
14 31
14 71
14 2
31 19
31 64
98 54
98 33
40 59
40 86
40 29
59 13
59 48
37 42
37 52
37 36
42 11
42 7
41 88
41 39
41 62
88 6
88 21
43 85
43 52
85 77
85 0
35 81
35 24
35 70
81 86
81 21
24 29
24 79
47 87
47 96
36 64
36 26
64 95
18 92
18 96
18 38
92 58
92 33
34 76
34 26
34 22
76 68
76 57
3 6
3 5
3 4
6 94
8 75
8 56
8 78
75 93
75 65
4 23
4 11
23 84
23 83
51 82
51 27
51 60
82 22
82 71
13 65
13 1
65 46
10 20
10 71
10 55
20 87
20 73
60 12
15 89
15 12
15 99
89 62
89 38
84 30
84 32
77 96
77 19
86 97
97 48
97 67
67 93
67 80
93 25
66 73
66 95
66 63
73 5
16 17
17 63
17 90
25 70
25 49
48 74
32 55
55 9
58 30
58 39
12 49
49 78
53 68
53 54
53 46
68 1
62 95
38 79
11 26
5 57
29 94
46 9
70 69
30 19
79 80
80 74
33 69
74 94
27 87
9 54
56 21
56 52
22 7
78 99
99 83
1 7
63 83
2 90
2 28
90 0
28 0
