100 495
0 15
0 26
0 33
0 46
0 49
0 55
0 59
0 65
0 69
0 78
0 83
1 28
1 30
1 31
1 39
1 57
1 69
1 91
2 6
2 19
2 21
2 24
2 26
2 29
2 32
2 35
2 44
2 62
2 64
2 68
2 78
2 84
3 10
3 25
3 28
3 41
3 45
3 46
3 50
3 55
4 7
4 21
4 22
4 36
4 43
4 50
4 54
4 83
4 86
4 98
5 14
5 18
5 21
5 28
5 34
5 42
5 59
5 68
5 69
5 75
5 96
5 97
5 98
6 51
6 52
6 64
6 66
6 75
6 79
7 10
7 21
7 30
7 39
7 53
7 54
7 57
7 66
7 84
7 94
8 31
8 41
8 54
8 81
8 87
8 93
8 95
9 17
9 34
9 65
9 75
9 87
10 19
10 46
10 47
10 49
10 52
10 77
10 78
10 98
11 15
11 17
11 39
11 45
11 49
11 62
11 69
11 92
11 94
11 99
12 37
12 40
12 50
12 54
12 63
12 69
12 71
12 74
12 91
12 94
12 95
12 96
13 35
13 39
13 40
13 44
13 69
13 72
14 28
14 30
14 39
14 43
14 45
14 56
14 63
14 78
14 81
14 94
14 97
15 32
15 55
15 56
15 69
15 79
15 81
15 86
15 99
16 17
16 29
16 45
16 49
16 90
16 95
16 96
17 27
17 34
17 36
17 50
17 60
17 85
17 98
18 37
18 60
18 61
18 67
18 93
19 24
19 42
19 45
19 49
19 51
19 58
19 89
20 25
20 30
20 31
20 42
20 45
20 55
20 60
20 74
20 80
20 97
21 23
21 30
21 39
21 77
21 85
21 92
22 24
22 29
22 44
22 47
22 52
22 53
22 60
22 78
22 93
22 94
22 97
23 46
23 52
23 54
23 59
23 60
23 69
23 85
23 90
23 91
23 96
23 98
23 99
24 33
24 71
24 74
24 77
24 82
25 26
25 42
25 45
25 47
25 50
25 59
25 92
26 30
26 31
26 93
26 94
27 50
27 59
27 68
27 94
27 97
28 29
28 55
28 56
28 61
28 64
28 66
28 76
28 98
29 31
29 40
29 75
30 42
30 50
30 66
30 88
30 94
30 96
30 99
31 35
31 42
31 43
31 57
31 61
31 62
31 66
31 68
31 71
31 83
32 33
32 34
32 50
32 60
32 71
32 75
32 78
32 87
32 89
32 90
32 93
33 48
33 54
33 65
33 66
33 73
33 88
33 99
34 37
34 57
34 65
34 66
34 70
34 75
34 80
34 84
35 36
35 39
35 55
35 60
35 66
35 70
35 72
35 86
35 99
36 62
36 94
36 95
37 42
37 49
37 82
38 40
38 42
38 50
38 84
38 86
38 96
39 62
39 63
39 85
39 87
40 41
40 42
40 47
40 55
40 63
40 67
40 80
41 48
41 49
41 63
41 77
41 99
42 43
42 55
42 63
42 66
42 77
42 91
42 97
43 46
43 51
43 92
43 95
44 50
44 51
44 55
44 64
44 66
44 98
45 46
45 54
45 67
45 68
45 80
45 88
45 89
46 50
46 58
46 64
46 68
46 75
46 79
46 90
46 91
46 92
46 95
47 54
47 64
47 70
47 90
48 55
48 58
48 61
48 69
48 89
49 53
49 62
49 67
49 71
49 85
50 59
50 63
50 74
50 87
50 92
50 99
51 55
51 69
51 88
51 97
52 54
52 56
52 66
52 72
52 83
52 84
52 92
54 61
54 64
54 83
54 86
54 87
55 65
55 67
55 74
55 83
56 97
57 65
57 72
57 75
57 77
57 78
58 72
58 75
58 79
58 92
58 96
59 60
59 62
59 65
59 79
59 91
59 92
59 94
60 69
60 71
60 81
60 83
60 86
60 88
60 92
60 97
61 72
61 95
62 91
62 98
63 70
63 84
63 90
63 99
64 81
64 93
64 96
65 68
65 70
65 89
65 91
65 92
65 95
65 99
66 67
66 99
67 80
67 91
67 97
68 85
68 86
69 83
70 80
70 86
70 90
70 91
71 74
71 92
72 93
73 95
73 97
74 78
75 79
75 93
76 81
76 86
76 88
76 94
76 99
77 79
77 82
77 85
78 86
78 98
79 80
79 81
80 85
80 96
81 82
81 91
81 92
82 87
83 85
83 92
83 97
85 87
86 88
87 98
89 90
89 94
90 95
90 96
91 94
91 95
92 93
93 97
94 99
96 98
