100 529
0 7
0 19
0 43
0 50
0 55
0 56
0 60
0 63
0 99
1 5
1 19
1 21
1 26
1 34
1 46
1 48
1 52
1 55
1 67
1 69
1 73
1 74
1 79
1 97
2 6
2 9
2 26
2 27
2 33
2 40
2 47
2 70
2 86
2 93
2 99
3 5
3 29
3 45
3 54
3 55
3 63
3 94
3 96
4 15
4 19
4 22
4 28
4 36
4 40
4 41
4 50
4 57
4 62
4 79
4 94
4 99
5 31
5 33
5 38
5 72
5 74
5 91
6 8
6 28
6 36
6 72
6 74
6 82
6 87
6 92
7 17
7 25
7 56
7 58
7 71
7 72
8 13
8 28
8 34
8 43
8 48
8 57
8 73
8 76
8 77
8 80
8 94
8 97
9 11
9 17
9 26
9 29
9 58
9 68
9 76
9 77
9 97
10 19
10 26
10 29
10 37
10 72
10 90
10 96
11 23
11 24
11 29
11 32
11 33
11 49
11 52
11 55
11 62
11 65
11 72
11 88
11 98
12 20
12 27
12 42
12 43
12 48
12 49
12 70
12 84
12 90
12 95
13 42
13 58
13 59
13 74
13 77
14 38
14 41
14 46
14 67
14 68
14 73
14 83
14 99
15 18
15 26
15 31
15 37
15 59
15 86
15 88
16 30
16 37
16 44
16 46
16 52
16 61
16 80
16 93
16 94
17 35
17 36
17 47
17 63
18 20
18 21
18 48
18 50
18 55
18 59
18 62
18 66
18 90
18 94
18 95
18 96
19 28
19 37
19 46
19 51
19 80
20 22
20 30
20 34
20 64
20 92
20 95
21 22
21 52
21 60
21 77
21 80
21 81
21 82
21 86
21 91
21 92
22 44
22 51
22 65
22 76
22 86
22 89
23 24
23 36
23 39
23 48
23 67
23 87
23 88
23 94
23 98
24 41
24 50
24 55
24 67
24 72
24 89
25 72
25 75
25 76
25 83
25 90
25 94
25 95
26 28
26 33
26 39
26 48
26 62
26 67
26 70
26 73
26 75
26 76
26 80
26 83
26 89
26 93
26 97
27 30
27 38
27 44
27 59
27 72
27 78
27 82
27 89
28 61
28 62
28 70
28 76
28 78
29 45
29 46
29 55
29 59
29 62
29 65
29 79
29 80
29 85
29 91
29 92
30 36
30 37
30 46
30 50
30 65
30 69
30 80
30 83
30 98
30 99
31 40
31 49
31 54
31 58
31 59
31 67
31 68
31 69
31 73
31 83
31 94
32 39
32 50
32 60
32 71
32 73
32 75
32 87
33 36
33 41
33 47
33 59
33 63
33 68
33 70
33 71
33 76
33 79
33 81
33 91
33 92
34 36
34 38
34 39
34 46
34 50
34 71
34 86
35 43
35 50
35 56
35 79
35 88
35 89
35 94
35 96
35 98
36 50
36 51
36 56
36 57
36 59
36 75
36 76
36 77
36 99
37 46
37 51
37 60
37 61
37 64
37 74
37 75
37 82
38 60
38 69
38 73
38 81
38 91
39 56
39 64
39 77
39 86
39 92
39 94
39 95
39 98
40 45
40 47
40 48
40 66
40 92
41 50
41 66
41 68
41 85
41 91
41 98
42 58
42 76
42 80
42 84
42 85
42 89
42 98
43 56
43 61
43 68
43 74
43 75
43 82
44 49
44 52
44 62
44 70
45 47
45 61
45 66
45 69
45 70
45 75
45 77
45 81
45 87
45 90
45 99
46 52
46 69
47 65
47 66
47 72
47 88
48 51
48 52
48 61
48 67
48 70
48 72
48 76
48 82
48 84
49 64
49 68
49 74
49 80
49 96
49 97
50 68
50 83
51 54
51 68
51 94
52 61
52 81
52 93
53 54
53 55
53 57
53 72
53 82
53 84
53 99
54 71
54 72
54 86
54 92
55 69
55 94
56 95
57 69
57 70
57 71
57 84
57 87
57 89
57 96
58 65
58 72
58 92
58 96
59 80
59 81
59 87
59 92
60 73
60 79
60 81
60 84
60 86
60 88
60 98
61 65
61 70
61 72
61 84
61 99
62 80
62 84
62 98
63 72
63 84
63 89
63 99
64 69
64 87
64 89
65 69
65 71
65 73
65 75
65 79
65 82
65 84
65 98
66 67
66 72
66 74
66 87
66 90
67 69
67 76
67 95
68 73
68 74
68 85
68 88
68 95
69 75
70 88
70 94
72 75
72 76
72 78
72 87
72 99
73 78
73 81
73 96
74 92
74 98
75 83
75 86
75 87
76 95
76 99
77 96
78 82
78 83
79 82
79 94
79 97
81 87
81 91
81 93
82 95
83 87
83 88
83 95
83 99
84 95
84 96
84 97
85 92
85 93
86 89
86 94
88 95
89 97
93 95
