100 150
50 52
50 78
50 80
52 10
52 78
6 82
6 43
6 89
82 24
82 69
1 95
1 79
1 13
95 71
95 41
42 48
42 86
42 99
48 72
48 85
81 94
81 30
81 45
94 3
94 84
16 38
16 17
16 19
38 96
38 7
44 54
44 18
44 66
54 62
54 68
10 24
10 90
7 99
7 31
99 20
18 55
18 2
21 37
21 57
21 91
37 36
37 4
72 74
72 56
9 35
9 20
9 29
35 20
35 98
15 69
15 8
15 76
69 65
79 49
79 0
27 43
27 51
27 75
43 40
32 39
32 41
32 40
39 8
39 76
8 87
17 60
17 88
60 28
60 24
71 66
71 5
28 47
28 77
22 92
22 30
22 23
92 63
92 26
19 75
19 25
75 34
4 23
4 46
23 14
40 53
66 56
68 77
68 59
77 80
59 96
59 97
96 33
57 11
57 89
41 90
90 84
13 83
13 46
83 51
83 64
29 91
29 67
91 62
86 88
86 61
88 89
30 58
31 33
31 70
33 55
12 93
12 56
12 87
93 51
93 64
61 34
61 84
76 36
11 45
11 0
5 73
5 97
47 98
47 87
98 49
73 80
73 3
14 67
14 2
67 74
49 26
3 53
78 55
74 85
53 70
70 45
34 36
62 25
46 26
85 63
2 97
58 64
58 63
25 65
65 0
