100 150
72 73
72 41
72 78
73 94
73 63
43 46
43 4
43 11
46 7
46 97
35 97
35 24
35 91
97 44
16 93
16 22
16 15
93 6
93 56
77 90
77 84
77 58
90 69
90 98
14 31
14 49
14 65
31 74
31 48
66 78
66 75
66 79
78 39
12 52
12 23
12 50
52 42
52 1
49 89
49 92
24 26
24 3
26 47
26 51
22 89
22 98
89 50
79 99
79 9
99 91
99 81
11 44
11 61
44 83
27 70
27 51
27 18
70 45
70 39
51 64
64 41
64 10
3 75
3 61
0 71
0 50
0 88
71 87
71 82
41 60
29 61
29 45
29 13
32 87
32 98
32 33
87 57
15 45
15 76
42 54
42 62
82 88
82 55
88 8
94 13
94 95
38 48
38 21
38 5
48 96
69 81
69 9
81 23
4 40
4 5
34 53
34 18
34 54
53 67
53 76
13 80
54 59
63 86
63 59
86 30
86 7
65 56
65 28
58 74
58 84
74 30
9 2
60 80
60 8
80 62
75 37
1 67
1 36
67 19
10 33
10 85
33 55
62 57
25 95
25 40
25 19
95 17
39 68
40 28
59 37
6 56
6 28
7 20
83 21
83 36
8 47
47 18
5 57
23 2
21 85
30 76
84 17
2 17
85 92
96 55
96 19
37 68
68 20
91 92
20 36
