100 150
21 71
21 97
21 51
71 51
71 14
15 30
15 3
15 55
30 26
30 38
26 88
26 0
1 49
1 53
1 64
49 18
49 60
47 80
47 31
47 58
80 91
80 6
64 96
64 75
96 9
96 54
8 73
8 38
8 12
73 44
73 65
34 37
34 98
34 5
37 55
37 82
51 31
31 43
83 85
83 79
83 43
85 13
85 14
0 23
0 11
23 91
23 63
6 66
6 62
66 10
66 27
56 67
56 69
56 43
67 62
67 81
35 99
35 60
35 38
99 48
99 29
59 75
59 88
59 13
75 9
53 89
53 79
89 79
89 16
25 52
25 69
25 62
52 84
52 95
32 92
32 7
32 63
92 9
92 41
3 90
3 74
20 40
20 33
20 57
40 58
40 22
91 65
17 87
17 98
17 42
87 60
87 57
46 68
46 39
46 58
68 90
68 78
33 77
33 70
77 36
77 84
63 97
41 44
41 12
44 72
10 93
10 94
93 22
93 54
69 4
39 18
39 72
5 78
5 2
78 19
90 42
55 82
70 98
70 28
13 24
36 50
36 94
50 45
50 82
27 65
27 11
74 48
74 2
12 95
95 2
72 29
61 97
61 81
61 24
7 16
7 48
16 14
81 84
19 45
19 76
45 18
54 94
4 86
4 28
86 28
86 76
11 29
24 57
88 22
42 76
