100 150
18 81
18 13
18 56
81 33
81 23
10 98
10 51
10 62
98 76
98 33
44 45
44 17
44 36
45 74
45 79
74 49
74 66
38 53
38 19
38 5
53 7
53 16
15 60
15 1
15 64
60 28
60 86
83 94
83 79
83 39
94 36
94 25
11 87
11 4
11 13
87 39
87 72
21 55
21 16
21 67
55 54
55 46
1 3
1 27
27 61
27 65
61 30
61 82
28 97
28 42
46 50
46 0
50 8
50 7
20 31
20 99
20 3
31 22
31 9
6 41
6 85
6 73
41 80
41 13
49 64
49 63
64 97
43 96
43 77
43 88
96 68
96 30
79 73
17 95
17 40
47 57
47 2
47 85
57 32
57 52
34 69
34 66
34 22
69 71
69 75
8 78
8 16
39 58
0 99
0 12
70 77
70 97
70 56
77 35
30 68
68 71
23 84
23 99
84 42
84 32
91 93
91 58
91 78
93 95
93 52
35 67
35 5
67 14
12 56
12 59
37 58
37 9
37 4
65 76
65 82
54 92
54 85
92 89
92 95
3 63
7 59
26 66
26 2
26 19
42 80
33 48
24 78
24 36
24 86
25 40
25 51
40 29
51 72
14 73
14 4
62 89
62 2
89 90
29 88
29 48
32 90
9 71
75 80
75 52
19 88
72 76
90 59
63 82
22 48
86 5
