410 8352
0 26
0 39
0 50
0 52
0 64
0 72
0 90
0 95
0 100
0 101
0 108
0 110
0 113
0 118
0 125
0 152
0 209
0 218
0 226
0 231
0 241
0 248
0 256
0 275
0 294
0 303
0 306
0 314
0 320
0 328
0 334
0 343
0 363
0 374
0 376
0 379
0 381
0 388
0 389
0 402
0 405
0 408
1 3
1 29
1 37
1 47
1 52
1 62
1 63
1 66
1 72
1 90
1 106
1 108
1 109
1 111
1 127
1 133
1 138
1 156
1 172
1 173
1 192
1 195
1 203
1 220
1 223
1 231
1 233
1 245
1 274
1 275
1 301
1 325
1 328
1 344
1 346
1 351
1 360
1 369
1 383
1 394
1 401
1 402
1 403
1 408
2 9
2 13
2 33
2 35
2 49
2 55
2 67
2 77
2 81
2 93
2 107
2 108
2 132
2 143
2 162
2 170
2 176
2 179
2 206
2 243
2 251
2 257
2 260
2 264
2 268
2 308
2 327
2 329
2 333
2 340
2 341
2 346
2 374
2 375
2 395
2 402
2 409
3 35
3 48
3 56
3 61
3 74
3 76
3 92
3 112
3 124
3 139
3 162
3 179
3 201
3 207
3 239
3 244
3 289
3 295
3 305
3 308
3 316
3 318
3 320
3 334
3 341
3 342
3 371
3 372
3 377
3 379
3 381
3 391
4 17
4 18
4 29
4 34
4 47
4 49
4 62
4 63
4 66
4 68
4 74
4 84
4 102
4 109
4 110
4 111
4 113
4 129
4 157
4 161
4 173
4 181
4 184
4 185
4 186
4 187
4 193
4 216
4 225
4 240
4 249
4 251
4 272
4 275
4 278
4 290
4 292
4 307
4 308
4 315
4 318
4 329
4 355
4 361
4 362
4 380
4 398
4 400
5 7
5 10
5 17
5 20
5 22
5 33
5 42
5 45
5 48
5 53
5 56
5 62
5 63
5 64
5 101
5 106
5 109
5 111
5 125
5 127
5 129
5 130
5 132
5 134
5 137
5 142
5 143
5 158
5 166
5 177
5 192
5 200
5 203
5 204
5 221
5 243
5 246
5 253
5 277
5 278
5 287
5 297
5 337
5 340
5 350
5 353
5 356
5 360
5 387
5 388
5 390
5 406
6 12
6 24
6 29
6 43
6 74
6 98
6 101
6 131
6 132
6 170
6 173
6 194
6 202
6 211
6 231
6 235
6 236
6 241
6 279
6 280
6 308
6 312
6 317
6 319
6 323
6 326
6 329
6 334
6 339
6 343
6 346
6 359
6 361
6 366
6 378
6 380
6 396
6 403
7 12
7 14
7 15
7 23
7 47
7 62
7 64
7 71
7 90
7 93
7 97
7 123
7 131
7 139
7 152
7 169
7 175
7 176
7 196
7 205
7 238
7 262
7 268
7 271
7 275
7 289
7 291
7 314
7 321
7 323
7 330
7 333
7 361
7 375
7 378
7 395
7 402
8 16
8 35
8 44
8 75
8 93
8 102
8 106
8 109
8 118
8 127
8 134
8 154
8 180
8 181
8 207
8 210
8 212
8 227
8 252
8 259
8 265
8 287
8 293
8 300
8 302
8 309
8 315
8 318
8 326
8 330
8 332
8 333
8 337
8 343
8 345
8 387
8 400
9 12
9 27
9 29
9 32
9 64
9 67
9 70
9 76
9 95
9 99
9 100
9 101
9 102
9 111
9 118
9 126
9 127
9 128
9 140
9 145
9 157
9 173
9 179
9 180
9 199
9 202
9 212
9 214
9 215
9 216
9 220
9 225
9 234
9 240
9 255
9 261
9 308
9 318
9 323
9 335
9 339
9 353
9 363
9 367
9 389
9 395
10 12
10 23
10 27
10 70
10 78
10 82
10 87
10 88
10 92
10 103
10 113
10 114
10 125
10 128
10 135
10 158
10 160
10 167
10 171
10 173
10 179
10 200
10 220
10 221
10 224
10 235
10 241
10 250
10 261
10 268
10 269
10 279
10 280
10 295
10 309
10 312
10 316
10 324
10 326
10 332
10 344
10 345
10 349
10 363
10 377
10 391
10 405
10 407
11 13
11 25
11 26
11 67
11 78
11 82
11 85
11 101
11 102
11 113
11 134
11 140
11 146
11 167
11 188
11 212
11 230
11 233
11 249
11 255
11 260
11 262
11 272
11 288
11 292
11 310
11 326
11 328
11 337
11 393
11 407
12 18
12 39
12 56
12 68
12 90
12 101
12 117
12 153
12 157
12 189
12 196
12 210
12 222
12 229
12 231
12 232
12 244
12 248
12 259
12 273
12 285
12 316
12 320
12 321
12 334
12 336
12 340
12 342
12 343
12 352
12 354
12 396
12 403
12 404
13 16
13 26
13 33
13 43
13 49
13 59
13 71
13 76
13 80
13 95
13 105
13 113
13 115
13 121
13 125
13 129
13 132
13 138
13 147
13 154
13 178
13 180
13 193
13 194
13 244
13 268
13 270
13 274
13 290
13 305
13 308
13 325
13 350
13 362
13 370
13 379
13 389
13 399
13 405
14 17
14 29
14 35
14 42
14 44
14 72
14 85
14 90
14 102
14 106
14 108
14 117
14 119
14 133
14 146
14 148
14 160
14 161
14 162
14 182
14 185
14 188
14 198
14 209
14 238
14 239
14 244
14 247
14 254
14 257
14 267
14 275
14 278
14 286
14 293
14 298
14 310
14 327
14 335
14 354
14 363
14 365
14 379
14 384
14 389
14 400
15 23
15 26
15 28
15 49
15 51
15 67
15 93
15 95
15 99
15 121
15 125
15 148
15 161
15 172
15 174
15 175
15 182
15 185
15 190
15 201
15 212
15 244
15 246
15 248
15 249
15 250
15 254
15 267
15 270
15 272
15 273
15 279
15 281
15 282
15 314
15 329
15 330
15 336
15 339
15 342
15 354
15 355
15 365
15 399
16 18
16 19
16 26
16 39
16 64
16 69
16 72
16 75
16 82
16 100
16 121
16 124
16 129
16 155
16 166
16 175
16 192
16 194
16 212
16 224
16 248
16 260
16 266
16 269
16 276
16 278
16 291
16 308
16 309
16 322
16 327
16 337
16 346
16 359
16 365
16 370
16 375
16 395
16 403
17 19
17 30
17 39
17 50
17 52
17 59
17 61
17 85
17 112
17 140
17 144
17 147
17 162
17 166
17 174
17 175
17 184
17 210
17 216
17 231
17 244
17 246
17 259
17 263
17 281
17 309
17 314
17 323
17 324
17 333
17 338
17 346
17 351
17 364
17 385
17 391
17 397
17 405
18 29
18 31
18 32
18 49
18 52
18 56
18 68
18 70
18 74
18 82
18 106
18 115
18 117
18 138
18 143
18 147
18 165
18 187
18 191
18 194
18 216
18 245
18 251
18 288
18 295
18 308
18 312
18 325
18 333
18 343
18 350
18 353
18 365
18 369
18 374
18 376
18 383
18 386
18 393
18 403
19 44
19 50
19 70
19 96
19 112
19 113
19 153
19 163
19 171
19 206
19 214
19 222
19 231
19 248
19 257
19 259
19 264
19 295
19 296
19 314
19 318
19 320
19 334
19 336
19 366
19 379
19 392
20 49
20 60
20 61
20 71
20 77
20 78
20 83
20 84
20 86
20 115
20 124
20 131
20 175
20 188
20 199
20 213
20 237
20 238
20 249
20 251
20 252
20 255
20 268
20 271
20 274
20 285
20 287
20 298
20 319
20 326
20 330
20 337
20 357
20 358
20 364
20 370
20 373
20 378
20 380
20 385
21 32
21 38
21 48
21 49
21 51
21 62
21 74
21 76
21 78
21 101
21 112
21 123
21 136
21 153
21 171
21 176
21 184
21 204
21 218
21 252
21 271
21 272
21 273
21 283
21 289
21 303
21 312
21 317
21 323
21 331
21 344
21 354
21 371
21 391
22 31
22 83
22 127
22 136
22 139
22 150
22 154
22 159
22 168
22 191
22 241
22 256
22 288
22 289
22 294
22 302
22 312
22 328
22 343
22 344
22 355
22 366
22 378
22 395
22 403
23 26
23 32
23 46
23 55
23 82
23 85
23 86
23 90
23 104
23 105
23 106
23 114
23 120
23 125
23 133
23 161
23 174
23 182
23 187
23 192
23 232
23 236
23 251
23 262
23 266
23 270
23 275
23 285
23 305
23 320
23 331
23 333
23 354
23 360
23 399
24 27
24 37
24 42
24 50
24 51
24 55
24 89
24 94
24 95
24 104
24 144
24 153
24 158
24 160
24 172
24 181
24 193
24 194
24 222
24 226
24 229
24 254
24 268
24 299
24 318
24 325
24 339
24 344
24 351
24 352
24 357
24 383
24 400
25 40
25 50
25 79
25 89
25 92
25 101
25 103
25 105
25 114
25 121
25 124
25 132
25 171
25 179
25 191
25 203
25 208
25 224
25 228
25 256
25 259
25 271
25 276
25 294
25 349
25 359
25 367
25 376
25 378
25 383
25 385
25 390
25 402
25 407
26 38
26 51
26 62
26 64
26 75
26 86
26 89
26 103
26 106
26 110
26 115
26 124
26 134
26 139
26 152
26 156
26 160
26 165
26 171
26 172
26 187
26 189
26 190
26 199
26 201
26 207
26 220
26 222
26 230
26 242
26 267
26 275
26 286
26 289
26 298
26 301
26 310
26 312
26 316
26 317
26 321
26 332
26 343
26 358
26 379
26 382
26 394
26 409
27 29
27 39
27 43
27 48
27 64
27 86
27 87
27 101
27 109
27 111
27 117
27 127
27 143
27 148
27 161
27 182
27 220
27 254
27 262
27 263
27 269
27 273
27 274
27 279
27 280
27 282
27 286
27 288
27 293
27 298
27 301
27 306
27 333
27 340
27 367
27 369
27 380
28 39
28 48
28 51
28 55
28 57
28 59
28 60
28 65
28 83
28 108
28 135
28 139
28 142
28 144
28 149
28 154
28 167
28 170
28 171
28 202
28 228
28 236
28 239
28 263
28 294
28 298
28 321
28 331
28 332
28 339
28 344
28 350
28 365
28 382
28 395
28 397
28 401
28 404
28 407
29 34
29 38
29 39
29 62
29 71
29 86
29 87
29 90
29 102
29 112
29 113
29 119
29 120
29 121
29 126
29 141
29 153
29 155
29 158
29 159
29 221
29 223
29 236
29 240
29 245
29 278
29 293
29 297
29 301
29 326
29 331
29 352
29 353
29 379
29 384
29 391
29 403
30 41
30 50
30 54
30 56
30 105
30 117
30 119
30 128
30 141
30 147
30 162
30 165
30 167
30 171
30 175
30 180
30 194
30 206
30 210
30 212
30 219
30 220
30 223
30 236
30 241
30 258
30 265
30 271
30 275
30 278
30 294
30 308
30 330
30 345
30 350
30 365
30 368
30 374
30 376
30 384
30 395
30 399
30 403
30 406
30 408
31 55
31 63
31 72
31 83
31 101
31 111
31 120
31 121
31 140
31 167
31 168
31 172
31 173
31 182
31 183
31 189
31 196
31 197
31 204
31 212
31 217
31 218
31 220
31 231
31 256
31 258
31 269
31 281
31 284
31 291
31 299
31 306
31 320
31 335
31 343
31 347
31 354
31 360
31 387
31 389
31 403
31 408
32 64
32 84
32 86
32 89
32 102
32 106
32 123
32 131
32 141
32 144
32 146
32 150
32 176
32 181
32 183
32 184
32 194
32 197
32 211
32 214
32 215
32 229
32 237
32 248
32 294
32 309
32 316
32 317
32 334
32 336
32 338
32 346
32 351
32 359
32 368
32 369
32 372
32 402
33 34
33 64
33 82
33 84
33 105
33 121
33 143
33 150
33 151
33 159
33 165
33 166
33 168
33 208
33 216
33 219
33 227
33 237
33 240
33 255
33 259
33 265
33 266
33 270
33 271
33 275
33 284
33 290
33 291
33 298
33 301
33 325
33 338
33 350
33 361
33 372
33 388
33 389
34 40
34 50
34 59
34 62
34 71
34 72
34 76
34 77
34 79
34 83
34 94
34 98
34 108
34 117
34 119
34 125
34 134
34 150
34 152
34 162
34 171
34 174
34 217
34 220
34 227
34 229
34 230
34 235
34 255
34 274
34 280
34 299
34 300
34 301
34 311
34 314
34 315
34 323
34 327
34 338
34 347
34 350
34 370
34 385
34 394
35 48
35 55
35 65
35 71
35 76
35 117
35 118
35 132
35 153
35 159
35 163
35 167
35 168
35 175
35 182
35 212
35 243
35 244
35 280
35 282
35 299
35 304
35 308
35 319
35 331
35 338
35 340
35 364
35 386
35 389
35 393
35 407
35 408
36 46
36 50
36 60
36 73
36 91
36 109
36 113
36 131
36 136
36 138
36 166
36 200
36 207
36 208
36 210
36 228
36 229
36 233
36 243
36 260
36 261
36 271
36 277
36 298
36 302
36 303
36 305
36 315
36 351
36 366
36 375
36 382
36 390
36 399
36 404
37 56
37 61
37 67
37 73
37 74
37 75
37 78
37 87
37 90
37 106
37 121
37 126
37 129
37 130
37 136
37 157
37 158
37 161
37 171
37 175
37 181
37 203
37 204
37 205
37 212
37 247
37 251
37 257
37 261
37 270
37 274
37 287
37 293
37 294
37 297
37 321
37 323
37 349
37 351
37 361
37 363
37 366
37 369
37 382
37 386
37 391
38 49
38 52
38 83
38 94
38 100
38 127
38 134
38 136
38 137
38 141
38 143
38 145
38 147
38 154
38 161
38 176
38 180
38 196
38 197
38 216
38 229
38 231
38 235
38 236
38 241
38 247
38 250
38 260
38 261
38 267
38 272
38 285
38 318
38 341
38 356
38 363
38 392
38 405
38 409
39 54
39 80
39 94
39 98
39 107
39 139
39 146
39 172
39 177
39 178
39 179
39 191
39 200
39 214
39 220
39 229
39 243
39 255
39 261
39 281
39 291
39 294
39 304
39 355
39 365
39 375
39 382
39 393
39 399
39 403
39 408
40 44
40 66
40 87
40 90
40 99
40 101
40 114
40 124
40 127
40 135
40 140
40 142
40 150
40 156
40 161
40 175
40 194
40 201
40 208
40 231
40 236
40 239
40 242
40 243
40 263
40 264
40 280
40 306
40 322
40 335
40 358
40 366
40 372
40 385
40 395
41 45
41 69
41 71
41 72
41 89
41 114
41 126
41 131
41 159
41 164
41 166
41 184
41 194
41 206
41 215
41 217
41 224
41 246
41 250
41 252
41 253
41 263
41 267
41 274
41 276
41 289
41 297
41 315
41 323
41 331
41 332
41 334
41 344
41 353
41 367
41 378
41 382
41 395
41 404
42 61
42 67
42 68
42 70
42 107
42 139
42 142
42 143
42 174
42 185
42 205
42 225
42 229
42 252
42 289
42 325
42 327
42 344
42 345
42 347
42 375
42 393
42 395
42 403
43 44
43 57
43 58
43 70
43 83
43 91
43 93
43 100
43 105
43 140
43 150
43 183
43 205
43 208
43 217
43 222
43 229
43 236
43 251
43 282
43 295
43 304
43 305
43 306
43 310
43 313
43 325
43 329
43 332
43 336
43 339
43 346
43 348
43 353
43 356
43 385
44 68
44 76
44 77
44 79
44 86
44 107
44 113
44 127
44 129
44 153
44 170
44 174
44 176
44 183
44 195
44 217
44 222
44 243
44 279
44 294
44 305
44 311
44 335
44 345
44 351
44 369
44 378
44 383
44 389
44 396
45 52
45 79
45 86
45 98
45 106
45 120
45 135
45 137
45 144
45 168
45 182
45 201
45 202
45 219
45 238
45 240
45 259
45 283
45 286
45 287
45 288
45 292
45 300
45 311
45 312
45 316
45 318
45 323
45 327
45 339
45 352
45 356
45 358
45 380
45 387
45 408
46 85
46 100
46 116
46 126
46 147
46 159
46 181
46 186
46 189
46 211
46 236
46 264
46 278
46 280
46 284
46 311
46 321
46 324
46 352
46 362
46 366
46 370
46 390
46 392
46 407
47 49
47 60
47 84
47 88
47 109
47 120
47 141
47 150
47 161
47 164
47 168
47 171
47 178
47 193
47 229
47 242
47 243
47 248
47 252
47 256
47 264
47 290
47 317
47 323
47 325
47 330
47 336
47 363
47 365
47 366
47 369
47 374
47 381
47 386
47 388
47 391
47 400
48 63
48 66
48 69
48 99
48 108
48 111
48 119
48 122
48 126
48 143
48 147
48 166
48 182
48 187
48 190
48 199
48 200
48 219
48 224
48 229
48 235
48 244
48 245
48 258
48 262
48 278
48 281
48 282
48 299
48 304
48 311
48 324
48 325
48 326
48 340
48 349
48 361
48 368
48 369
48 376
48 408
49 54
49 58
49 62
49 67
49 90
49 110
49 126
49 141
49 153
49 159
49 165
49 168
49 169
49 186
49 194
49 211
49 243
49 245
49 250
49 255
49 260
49 287
49 301
49 306
49 309
49 313
49 322
49 325
49 341
49 342
49 372
49 375
49 377
49 379
49 383
49 405
49 408
50 57
50 91
50 92
50 140
50 147
50 154
50 183
50 190
50 192
50 196
50 199
50 215
50 228
50 231
50 249
50 251
50 276
50 314
50 319
50 324
50 346
50 347
50 351
50 353
50 364
50 366
50 367
50 371
50 374
50 401
51 52
51 59
51 61
51 64
51 73
51 84
51 86
51 97
51 105
51 106
51 108
51 109
51 116
51 118
51 120
51 132
51 149
51 162
51 169
51 189
51 203
51 205
51 211
51 213
51 215
51 240
51 264
51 276
51 287
51 298
51 306
51 315
51 334
51 336
51 356
51 374
51 377
51 396
52 61
52 75
52 85
52 95
52 96
52 98
52 99
52 111
52 113
52 130
52 138
52 167
52 177
52 181
52 183
52 190
52 233
52 235
52 236
52 238
52 261
52 276
52 283
52 291
52 301
52 322
52 331
52 343
52 391
52 395
52 396
52 400
52 404
53 55
53 75
53 78
53 80
53 91
53 93
53 96
53 115
53 123
53 130
53 163
53 169
53 170
53 175
53 179
53 190
53 199
53 206
53 210
53 214
53 221
53 225
53 240
53 243
53 247
53 250
53 283
53 292
53 296
53 300
53 307
53 313
53 329
53 330
53 368
53 370
53 386
53 389
53 399
54 59
54 72
54 77
54 94
54 107
54 118
54 127
54 128
54 139
54 172
54 178
54 202
54 204
54 228
54 230
54 234
54 248
54 252
54 276
54 289
54 291
54 304
54 315
54 324
54 332
54 342
54 347
54 363
54 365
54 366
54 376
54 385
54 394
54 407
55 58
55 80
55 81
55 85
55 166
55 169
55 176
55 177
55 183
55 212
55 213
55 220
55 223
55 225
55 232
55 244
55 247
55 264
55 268
55 272
55 283
55 284
55 290
55 294
55 298
55 308
55 312
55 319
55 329
55 336
55 343
55 371
55 376
55 384
55 391
55 398
56 62
56 63
56 68
56 71
56 76
56 104
56 105
56 107
56 110
56 111
56 124
56 125
56 126
56 136
56 140
56 143
56 160
56 165
56 166
56 168
56 188
56 218
56 220
56 231
56 238
56 243
56 253
56 255
56 257
56 263
56 274
56 275
56 281
56 295
56 309
56 312
56 317
56 328
56 333
56 341
56 354
56 362
56 367
56 375
56 388
56 398
56 404
57 58
57 60
57 64
57 66
57 79
57 90
57 91
57 93
57 94
57 100
57 102
57 112
57 118
57 128
57 145
57 166
57 167
57 175
57 192
57 195
57 196
57 203
57 235
57 242
57 284
57 301
57 311
57 320
57 323
57 334
57 350
57 360
57 370
57 376
57 380
57 381
57 386
57 388
58 69
58 83
58 95
58 99
58 114
58 121
58 130
58 139
58 140
58 143
58 146
58 164
58 169
58 176
58 185
58 186
58 194
58 199
58 201
58 204
58 207
58 224
58 230
58 236
58 239
58 261
58 274
58 285
58 291
58 292
58 305
58 323
58 327
58 334
58 355
58 363
58 364
58 366
58 384
58 386
58 402
58 403
58 406
58 407
59 63
59 68
59 76
59 81
59 86
59 105
59 114
59 119
59 122
59 133
59 141
59 151
59 156
59 169
59 170
59 174
59 185
59 187
59 211
59 217
59 218
59 227
59 238
59 255
59 262
59 282
59 300
59 314
59 319
59 325
59 338
59 347
59 387
59 403
59 406
59 407
60 62
60 88
60 126
60 137
60 142
60 149
60 150
60 155
60 157
60 160
60 164
60 208
60 211
60 214
60 219
60 225
60 227
60 232
60 240
60 253
60 257
60 258
60 261
60 284
60 297
60 303
60 315
60 325
60 326
60 336
60 341
60 360
60 378
60 389
60 394
60 397
61 66
61 86
61 90
61 97
61 117
61 119
61 149
61 154
61 162
61 166
61 176
61 209
61 210
61 225
61 230
61 241
61 247
61 281
61 288
61 289
61 296
61 318
61 329
61 331
61 350
61 359
61 372
61 378
61 383
61 401
61 404
61 407
61 408
62 63
62 69
62 93
62 95
62 97
62 102
62 115
62 137
62 144
62 159
62 161
62 174
62 186
62 189
62 191
62 192
62 197
62 203
62 211
62 223
62 247
62 254
62 262
62 282
62 290
62 300
62 310
62 314
62 321
62 327
62 328
62 353
62 364
62 372
62 378
62 380
62 388
62 389
62 391
63 101
63 126
63 130
63 137
63 139
63 154
63 158
63 164
63 170
63 172
63 176
63 181
63 185
63 192
63 205
63 208
63 220
63 221
63 227
63 234
63 248
63 258
63 270
63 274
63 290
63 292
63 303
63 308
63 317
63 318
63 321
63 322
63 325
63 343
63 347
63 349
63 354
63 359
63 369
63 391
63 407
64 71
64 80
64 90
64 96
64 105
64 114
64 117
64 132
64 134
64 137
64 153
64 165
64 170
64 183
64 187
64 204
64 212
64 215
64 223
64 228
64 231
64 260
64 266
64 278
64 282
64 287
64 288
64 291
64 295
64 301
64 306
64 309
64 318
64 320
64 358
64 397
64 398
64 406
64 409
65 99
65 108
65 111
65 119
65 136
65 151
65 155
65 159
65 160
65 175
65 178
65 196
65 199
65 215
65 223
65 241
65 264
65 285
65 298
65 304
65 319
65 323
65 330
65 352
65 357
65 383
65 386
65 389
66 71
66 76
66 81
66 83
66 86
66 131
66 134
66 155
66 163
66 169
66 185
66 190
66 206
66 220
66 254
66 263
66 266
66 290
66 324
66 351
66 355
66 367
66 369
66 379
66 380
66 381
66 388
66 396
66 399
66 400
66 405
67 72
67 92
67 103
67 112
67 116
67 121
67 134
67 139
67 143
67 149
67 162
67 168
67 200
67 213
67 215
67 235
67 248
67 249
67 252
67 266
67 272
67 285
67 293
67 295
67 297
67 307
67 314
67 333
67 338
67 343
67 363
67 367
67 375
67 376
67 377
67 381
67 399
67 402
68 77
68 81
68 83
68 88
68 89
68 128
68 129
68 130
68 131
68 139
68 145
68 150
68 156
68 160
68 187
68 188
68 215
68 222
68 227
68 240
68 251
68 263
68 272
68 281
68 290
68 297
68 299
68 317
68 331
68 357
68 363
68 367
68 378
68 391
68 397
68 398
68 408
69 86
69 103
69 106
69 134
69 147
69 155
69 159
69 166
69 168
69 179
69 182
69 194
69 196
69 197
69 203
69 204
69 205
69 219
69 220
69 237
69 240
69 248
69 258
69 263
69 275
69 282
69 283
69 314
69 319
69 324
69 335
69 348
69 350
69 354
69 372
69 379
69 386
69 388
69 395
69 396
69 402
70 79
70 81
70 83
70 91
70 109
70 112
70 116
70 137
70 146
70 147
70 149
70 151
70 154
70 156
70 158
70 172
70 176
70 186
70 189
70 200
70 202
70 212
70 231
70 262
70 266
70 304
70 332
70 335
70 346
70 353
70 356
70 357
70 359
70 362
70 366
70 368
70 369
70 386
70 391
70 396
70 399
71 74
71 75
71 84
71 87
71 101
71 102
71 108
71 118
71 146
71 164
71 168
71 173
71 201
71 206
71 213
71 219
71 224
71 231
71 235
71 241
71 244
71 249
71 259
71 283
71 298
71 313
71 321
71 324
71 349
71 366
71 378
71 383
72 77
72 82
72 96
72 102
72 122
72 125
72 138
72 155
72 156
72 160
72 163
72 168
72 183
72 194
72 210
72 213
72 221
72 224
72 231
72 276
72 281
72 282
72 304
72 305
72 310
72 311
72 318
72 360
72 381
72 385
72 387
72 398
73 91
73 103
73 105
73 122
73 142
73 159
73 189
73 206
73 207
73 221
73 225
73 235
73 249
73 250
73 263
73 272
73 292
73 298
73 309
73 321
73 322
73 343
73 351
73 360
73 371
73 387
73 393
73 404
74 75
74 79
74 107
74 109
74 128
74 130
74 133
74 140
74 147
74 152
74 162
74 167
74 169
74 170
74 176
74 178
74 194
74 199
74 219
74 221
74 241
74 242
74 247
74 267
74 288
74 290
74 294
74 299
74 303
74 305
74 309
74 330
74 334
74 348
74 375
74 382
74 385
74 390
74 407
75 76
75 96
75 105
75 108
75 118
75 125
75 162
75 173
75 175
75 193
75 204
75 232
75 233
75 286
75 301
75 304
75 305
75 310
75 320
75 327
75 332
75 353
75 358
75 364
75 368
75 375
75 379
75 385
75 406
76 84
76 102
76 112
76 115
76 118
76 121
76 149
76 165
76 173
76 176
76 181
76 188
76 205
76 207
76 234
76 236
76 241
76 250
76 252
76 258
76 267
76 286
76 306
76 307
76 313
76 315
76 325
76 341
76 348
76 350
76 362
76 373
76 393
77 87
77 99
77 102
77 104
77 112
77 120
77 144
77 146
77 158
77 160
77 176
77 184
77 186
77 192
77 196
77 197
77 203
77 214
77 255
77 257
77 272
77 277
77 299
77 314
77 334
77 342
77 349
77 366
77 373
77 376
77 381
77 385
77 391
77 396
77 399
77 402
77 406
78 102
78 106
78 120
78 126
78 128
78 140
78 142
78 153
78 159
78 165
78 175
78 190
78 192
78 194
78 195
78 208
78 223
78 232
78 233
78 253
78 256
78 261
78 274
78 275
78 286
78 298
78 299
78 335
78 338
78 342
78 355
78 371
78 377
78 399
78 403
78 406
79 99
79 133
79 137
79 142
79 147
79 158
79 166
79 168
79 202
79 212
79 215
79 225
79 236
79 238
79 241
79 249
79 262
79 263
79 287
79 313
79 315
79 323
79 326
79 335
79 341
79 346
79 348
79 354
79 356
79 386
79 391
79 407
80 94
80 100
80 101
80 105
80 115
80 123
80 125
80 127
80 130
80 136
80 138
80 156
80 157
80 161
80 162
80 177
80 178
80 181
80 183
80 184
80 195
80 208
80 213
80 220
80 227
80 243
80 276
80 290
80 320
80 336
80 340
80 352
80 362
80 366
80 381
80 394
80 400
81 89
81 94
81 132
81 160
81 162
81 178
81 186
81 189
81 190
81 191
81 202
81 204
81 208
81 212
81 216
81 218
81 220
81 247
81 259
81 290
81 292
81 297
81 312
81 327
81 341
81 350
81 352
81 359
81 366
81 367
81 371
81 379
81 388
81 403
82 92
82 97
82 101
82 104
82 119
82 125
82 130
82 136
82 164
82 166
82 180
82 182
82 185
82 187
82 191
82 216
82 223
82 234
82 250
82 256
82 258
82 266
82 269
82 280
82 293
82 304
82 331
82 348
82 357
82 364
82 365
82 370
82 379
82 400
83 111
83 119
83 121
83 125
83 126
83 132
83 185
83 190
83 206
83 221
83 245
83 256
83 280
83 288
83 289
83 295
83 322
83 325
83 340
83 349
83 369
83 395
84 86
84 93
84 110
84 115
84 122
84 128
84 130
84 143
84 157
84 159
84 170
84 187
84 214
84 216
84 235
84 244
84 250
84 255
84 267
84 274
84 278
84 303
84 308
84 325
84 333
84 342
84 369
84 371
84 373
84 386
84 392
84 405
85 108
85 123
85 132
85 134
85 154
85 155
85 168
85 173
85 200
85 208
85 216
85 224
85 226
85 231
85 234
85 262
85 263
85 273
85 277
85 279
85 282
85 284
85 307
85 308
85 312
85 328
85 330
85 331
85 343
85 344
85 356
85 381
85 382
86 93
86 124
86 126
86 134
86 157
86 188
86 200
86 203
86 204
86 206
86 208
86 210
86 216
86 240
86 248
86 250
86 255
86 258
86 266
86 280
86 289
86 314
86 325
86 328
86 335
86 344
86 345
86 351
86 360
86 363
86 365
86 394
87 101
87 104
87 120
87 128
87 133
87 139
87 145
87 149
87 154
87 157
87 161
87 164
87 167
87 171
87 174
87 180
87 207
87 209
87 223
87 236
87 237
87 247
87 297
87 301
87 307
87 313
87 320
87 325
87 327
87 368
87 399
87 402
88 91
88 103
88 121
88 133
88 135
88 140
88 151
88 175
88 192
88 194
88 209
88 214
88 247
88 252
88 275
88 282
88 290
88 296
88 298
88 308
88 319
88 324
88 329
88 340
88 348
88 359
88 366
88 369
88 372
88 377
88 392
88 395
88 396
88 397
88 400
88 407
89 92
89 100
89 104
89 106
89 107
89 109
89 126
89 139
89 146
89 150
89 152
89 163
89 172
89 173
89 185
89 209
89 213
89 239
89 249
89 256
89 264
89 269
89 272
89 303
89 307
89 325
89 328
89 336
89 337
89 357
89 364
89 369
89 370
89 371
89 383
89 388
89 390
89 402
90 105
90 124
90 154
90 170
90 180
90 181
90 187
90 196
90 209
90 214
90 223
90 231
90 243
90 275
90 283
90 289
90 302
90 306
90 312
90 318
90 319
90 327
90 339
90 364
90 370
90 382
90 398
91 117
91 131
91 144
91 151
91 152
91 155
91 172
91 196
91 198
91 203
91 205
91 219
91 223
91 227
91 237
91 243
91 262
91 265
91 266
91 270
91 274
91 281
91 283
91 286
91 303
91 316
91 319
91 330
91 342
91 348
91 368
91 370
91 378
92 106
92 114
92 120
92 122
92 124
92 125
92 155
92 170
92 188
92 201
92 222
92 229
92 230
92 234
92 239
92 243
92 251
92 255
92 257
92 260
92 266
92 281
92 310
92 312
92 314
92 326
92 335
92 343
92 349
92 358
92 360
92 390
92 394
92 399
93 96
93 103
93 105
93 112
93 148
93 163
93 173
93 179
93 196
93 197
93 198
93 205
93 215
93 222
93 247
93 253
93 258
93 259
93 261
93 277
93 280
93 293
93 303
93 310
93 340
93 343
93 356
93 363
93 384
93 387
93 393
93 394
93 396
93 403
93 408
93 409
94 98
94 106
94 112
94 131
94 168
94 169
94 190
94 221
94 236
94 242
94 244
94 251
94 256
94 263
94 266
94 282
94 290
94 291
94 295
94 299
94 319
94 323
94 328
94 336
94 340
94 348
94 351
94 353
94 354
94 361
94 371
94 380
94 397
94 401
94 407
95 131
95 148
95 152
95 163
95 169
95 173
95 182
95 188
95 208
95 216
95 223
95 226
95 241
95 249
95 254
95 257
95 262
95 295
95 297
95 298
95 304
95 323
95 330
95 342
95 361
95 407
96 98
96 102
96 109
96 116
96 119
96 151
96 159
96 163
96 164
96 175
96 182
96 191
96 199
96 201
96 202
96 211
96 235
96 240
96 242
96 250
96 254
96 260
96 271
96 273
96 290
96 292
96 297
96 300
96 309
96 311
96 322
96 345
96 359
96 360
96 398
96 401
96 407
97 98
97 100
97 108
97 110
97 117
97 121
97 126
97 131
97 132
97 139
97 141
97 180
97 186
97 208
97 219
97 223
97 226
97 234
97 248
97 254
97 261
97 264
97 272
97 282
97 300
97 321
97 329
97 351
97 357
97 363
97 366
97 384
97 391
98 106
98 119
98 148
98 155
98 160
98 161
98 163
98 172
98 177
98 194
98 199
98 208
98 210
98 216
98 259
98 263
98 269
98 278
98 283
98 313
98 334
98 338
98 375
98 379
98 385
98 405
99 101
99 102
99 105
99 116
99 119
99 127
99 158
99 169
99 171
99 176
99 178
99 208
99 218
99 230
99 237
99 252
99 266
99 275
99 277
99 310
99 319
99 324
99 335
99 355
99 356
99 381
99 385
99 389
99 403
100 106
100 108
100 120
100 122
100 138
100 142
100 161
100 171
100 188
100 191
100 192
100 193
100 207
100 215
100 216
100 261
100 266
100 269
100 275
100 285
100 287
100 289
100 317
100 322
100 332
100 335
100 345
100 354
100 355
100 364
100 389
100 399
100 400
101 112
101 115
101 164
101 166
101 204
101 217
101 225
101 232
101 236
101 244
101 256
101 259
101 263
101 265
101 301
101 305
101 314
101 335
101 348
101 351
101 369
101 392
101 401
102 113
102 117
102 120
102 127
102 137
102 142
102 143
102 145
102 157
102 169
102 181
102 187
102 210
102 226
102 231
102 235
102 236
102 239
102 241
102 242
102 257
102 291
102 299
102 307
102 322
102 324
102 348
102 372
102 384
102 386
102 394
102 398
102 401
103 114
103 120
103 134
103 136
103 139
103 151
103 153
103 155
103 158
103 160
103 178
103 217
103 233
103 234
103 250
103 256
103 297
103 298
103 325
103 329
103 334
103 336
103 340
103 344
103 356
103 374
103 387
103 393
103 408
104 117
104 126
104 138
104 142
104 182
104 198
104 210
104 223
104 230
104 240
104 246
104 252
104 259
104 271
104 290
104 296
104 339
104 345
104 356
104 370
104 380
104 396
104 399
105 117
105 124
105 146
105 149
105 200
105 207
105 215
105 225
105 228
105 238
105 243
105 245
105 266
105 286
105 290
105 314
105 317
105 318
105 326
105 336
105 357
105 359
105 402
106 108
106 130
106 132
106 147
106 157
106 177
106 181
106 201
106 220
106 224
106 233
106 236
106 250
106 255
106 258
106 265
106 267
106 273
106 289
106 306
106 308
106 322
106 323
106 325
106 336
106 338
106 341
106 344
106 349
106 352
106 356
106 364
106 368
106 377
106 386
107 112
107 125
107 132
107 136
107 151
107 173
107 174
107 175
107 176
107 178
107 199
107 202
107 209
107 212
107 227
107 232
107 237
107 240
107 241
107 243
107 245
107 251
107 259
107 265
107 266
107 291
107 292
107 305
107 324
107 325
107 343
107 345
107 349
107 355
107 365
107 375
107 391
107 392
107 393
107 395
107 398
107 400
107 401
108 128
108 133
108 138
108 141
108 142
108 153
108 188
108 194
108 195
108 199
108 200
108 204
108 215
108 221
108 230
108 234
108 240
108 243
108 255
108 260
108 267
108 268
108 277
108 288
108 294
108 301
108 331
108 337
108 351
108 400
108 409
109 112
109 124
109 131
109 132
109 136
109 158
109 163
109 193
109 212
109 217
109 218
109 221
109 223
109 226
109 236
109 275
109 285
109 297
109 312
109 330
109 347
109 352
109 355
109 356
109 373
109 378
109 384
109 397
109 404
109 406
110 112
110 140
110 142
110 144
110 163
110 182
110 192
110 197
110 210
110 221
110 227
110 229
110 230
110 232
110 246
110 252
110 273
110 278
110 281
110 288
110 299
110 302
110 312
110 331
110 339
110 356
110 366
110 367
110 374
110 398
111 123
111 130
111 144
111 161
111 177
111 178
111 188
111 218
111 219
111 234
111 235
111 251
111 256
111 262
111 267
111 268
111 275
111 282
111 285
111 302
111 306
111 311
111 312
111 315
111 317
111 330
111 331
111 350
111 351
111 375
111 376
111 387
111 396
111 409
112 130
112 163
112 165
112 187
112 208
112 223
112 229
112 233
112 250
112 258
112 271
112 278
112 289
112 315
112 319
112 322
112 337
112 343
112 346
112 347
112 356
112 366
112 367
112 370
112 383
112 409
113 119
113 126
113 127
113 136
113 146
113 147
113 157
113 169
113 173
113 185
113 189
113 192
113 202
113 208
113 218
113 227
113 249
113 250
113 288
113 289
113 293
113 303
113 306
113 307
113 308
113 319
113 320
113 354
113 357
113 366
113 375
113 382
113 393
114 117
114 118
114 119
114 120
114 121
114 133
114 140
114 149
114 152
114 161
114 178
114 193
114 220
114 224
114 225
114 300
114 311
114 332
114 347
114 384
114 388
114 406
114 408
115 119
115 124
115 133
115 140
115 162
115 167
115 178
115 198
115 213
115 237
115 250
115 253
115 254
115 256
115 261
115 271
115 283
115 289
115 292
115 321
115 326
115 351
115 357
115 387
115 393
115 395
115 405
116 139
116 142
116 157
116 161
116 164
116 178
116 181
116 194
116 205
116 221
116 227
116 230
116 248
116 252
116 259
116 262
116 292
116 293
116 298
116 320
116 325
116 326
116 333
116 334
116 335
116 339
116 352
116 373
116 375
116 390
116 398
116 407
117 140
117 152
117 154
117 160
117 164
117 168
117 185
117 214
117 219
117 231
117 243
117 252
117 266
117 294
117 298
117 301
117 309
117 312
117 316
117 371
117 376
117 409
118 119
118 128
118 145
118 150
118 152
118 154
118 161
118 163
118 185
118 186
118 188
118 190
118 201
118 202
118 203
118 228
118 245
118 301
118 306
118 315
118 331
118 336
118 340
118 347
118 353
118 357
118 360
118 406
119 126
119 140
119 141
119 153
119 206
119 254
119 258
119 265
119 266
119 280
119 285
119 295
119 301
119 321
119 322
119 327
119 365
119 366
119 367
119 372
119 391
119 394
120 122
120 126
120 134
120 155
120 167
120 170
120 192
120 214
120 217
120 246
120 249
120 273
120 280
120 286
120 290
120 309
120 323
120 335
120 356
120 380
120 384
120 389
120 398
120 399
120 402
121 136
121 139
121 146
121 149
121 154
121 159
121 177
121 184
121 188
121 191
121 211
121 217
121 219
121 224
121 241
121 262
121 273
121 294
121 297
121 332
121 337
121 348
121 354
121 356
121 371
121 374
121 381
122 133
122 134
122 140
122 143
122 145
122 150
122 153
122 154
122 181
122 221
122 230
122 252
122 264
122 273
122 282
122 304
122 305
122 306
122 310
122 315
122 324
122 328
122 355
122 364
122 372
122 381
122 404
122 407
123 130
123 149
123 160
123 171
123 183
123 193
123 215
123 220
123 222
123 240
123 246
123 267
123 278
123 287
123 293
123 307
123 315
123 316
123 317
123 319
123 320
123 344
123 380
123 393
124 127
124 139
124 146
124 158
124 166
124 171
124 192
124 198
124 199
124 209
124 212
124 224
124 240
124 258
124 264
124 266
124 271
124 278
124 290
124 295
124 327
124 338
124 345
124 346
124 348
124 354
124 358
124 362
124 364
124 384
124 389
124 390
124 394
124 406
125 137
125 157
125 169
125 212
125 216
125 228
125 234
125 242
125 250
125 254
125 306
125 322
125 341
125 347
125 359
125 371
125 378
125 379
125 386
125 404
126 128
126 138
126 147
126 151
126 154
126 155
126 245
126 279
126 301
126 308
126 309
126 327
126 341
126 347
126 349
126 357
126 362
126 381
126 401
127 144
127 156
127 158
127 166
127 169
127 175
127 183
127 199
127 224
127 243
127 252
127 254
127 255
127 257
127 268
127 282
127 286
127 301
127 329
127 365
127 389
127 390
127 400
127 403
127 409
128 144
128 169
128 177
128 191
128 216
128 217
128 247
128 252
128 264
128 272
128 275
128 277
128 282
128 299
128 306
128 315
128 319
128 325
128 331
128 339
128 373
128 381
128 383
129 159
129 169
129 174
129 180
129 205
129 221
129 235
129 238
129 287
129 293
129 302
129 304
129 306
129 311
129 312
129 315
129 324
129 368
129 369
129 378
129 398
129 406
130 139
130 158
130 164
130 172
130 175
130 191
130 194
130 198
130 200
130 201
130 220
130 223
130 230
130 237
130 282
130 308
130 324
130 337
130 338
130 363
130 371
130 386
130 388
130 396
131 132
131 142
131 143
131 146
131 151
131 157
131 182
131 205
131 206
131 207
131 218
131 221
131 224
131 230
131 238
131 244
131 250
131 252
131 269
131 273
131 281
131 285
131 287
131 288
131 293
131 297
131 298
131 306
131 313
131 317
131 318
131 329
131 332
131 341
131 344
131 350
131 353
131 361
131 374
131 376
131 377
131 391
131 395
131 406
132 137
132 144
132 147
132 158
132 172
132 173
132 175
132 179
132 189
132 192
132 197
132 200
132 201
132 210
132 217
132 219
132 229
132 232
132 270
132 276
132 277
132 295
132 310
132 321
132 326
132 338
132 339
132 341
132 345
132 355
132 371
132 372
132 403
132 406
133 143
133 149
133 153
133 163
133 165
133 185
133 193
133 197
133 200
133 203
133 222
133 252
133 261
133 272
133 284
133 295
133 305
133 308
133 310
133 312
133 327
133 330
133 331
133 334
133 337
133 353
133 355
133 360
133 383
133 396
133 403
134 144
134 159
134 175
134 184
134 194
134 204
134 220
134 232
134 244
134 259
134 263
134 283
134 287
134 300
134 327
134 340
134 344
134 351
134 353
134 364
134 372
134 375
135 149
135 168
135 170
135 176
135 181
135 197
135 202
135 214
135 223
135 229
135 234
135 254
135 270
135 272
135 274
135 278
135 279
135 290
135 298
135 300
135 309
135 314
135 320
135 321
135 323
135 328
135 333
135 338
135 351
135 353
135 356
135 367
135 390
135 391
135 398
135 399
136 145
136 157
136 209
136 225
136 229
136 234
136 247
136 249
136 250
136 255
136 257
136 260
136 263
136 281
136 293
136 294
136 297
136 309
136 329
136 347
136 349
136 359
136 374
136 378
136 396
136 407
137 152
137 156
137 157
137 159
137 168
137 184
137 189
137 195
137 202
137 208
137 220
137 240
137 245
137 252
137 256
137 259
137 279
137 286
137 300
137 313
137 325
137 335
137 352
137 357
137 367
137 377
137 405
137 407
138 144
138 150
138 161
138 165
138 167
138 171
138 173
138 178
138 182
138 186
138 187
138 208
138 210
138 219
138 228
138 235
138 258
138 268
138 270
138 281
138 287
138 304
138 306
138 311
138 317
138 321
138 327
138 334
138 335
138 340
138 348
138 349
138 382
138 398
139 149
139 158
139 172
139 234
139 246
139 255
139 265
139 270
139 274
139 295
139 321
139 336
139 337
139 365
139 369
139 379
139 387
139 397
139 400
139 406
140 148
140 208
140 211
140 235
140 246
140 252
140 259
140 266
140 273
140 277
140 280
140 299
140 304
140 306
140 309
140 326
140 341
140 348
140 352
140 355
140 366
140 373
140 390
140 401
141 146
141 150
141 156
141 167
141 173
141 175
141 182
141 195
141 224
141 232
141 238
141 255
141 260
141 261
141 270
141 276
141 278
141 279
141 283
141 315
141 342
141 347
141 350
141 352
141 362
141 366
141 374
141 381
141 388
141 392
141 405
142 146
142 159
142 169
142 192
142 221
142 245
142 253
142 259
142 289
142 296
142 332
142 334
142 338
142 352
142 357
142 362
142 364
142 366
142 376
142 382
142 383
142 394
142 403
142 407
143 156
143 158
143 163
143 165
143 166
143 169
143 170
143 205
143 231
143 233
143 235
143 236
143 243
143 245
143 246
143 247
143 251
143 261
143 262
143 263
143 273
143 276
143 288
143 313
143 323
143 335
143 336
143 344
143 356
143 378
143 393
143 395
143 405
143 409
144 183
144 187
144 203
144 209
144 243
144 250
144 267
144 272
144 319
144 333
144 352
144 353
144 366
144 375
144 383
144 405
145 146
145 159
145 163
145 170
145 173
145 183
145 188
145 189
145 202
145 205
145 229
145 269
145 272
145 295
145 321
145 324
145 329
145 336
145 343
145 352
145 359
145 370
146 149
146 151
146 183
146 211
146 230
146 272
146 282
146 302
146 353
146 380
146 381
146 396
147 149
147 151
147 157
147 172
147 182
147 183
147 192
147 214
147 226
147 228
147 263
147 276
147 285
147 323
147 324
147 332
147 363
147 370
147 393
147 394
147 399
147 404
148 157
148 158
148 159
148 161
148 171
148 188
148 195
148 200
148 201
148 227
148 229
148 238
148 240
148 241
148 246
148 256
148 288
148 292
148 293
148 312
148 313
148 373
148 407
148 409
149 150
149 154
149 165
149 181
149 184
149 199
149 201
149 225
149 229
149 236
149 248
149 263
149 269
149 273
149 285
149 290
149 303
149 311
149 343
149 359
149 367
149 369
149 372
149 409
150 160
150 164
150 171
150 187
150 189
150 192
150 196
150 210
150 213
150 257
150 268
150 272
150 294
150 295
150 326
150 332
150 348
150 349
150 358
150 394
150 399
151 177
151 180
151 198
151 219
151 220
151 227
151 240
151 253
151 255
151 256
151 262
151 264
151 271
151 277
151 291
151 300
151 325
151 329
151 331
151 350
151 363
151 364
151 372
151 384
151 385
151 391
151 394
152 167
152 168
152 171
152 192
152 206
152 207
152 208
152 223
152 226
152 232
152 238
152 268
152 276
152 280
152 284
152 296
152 311
152 313
152 330
152 331
152 346
152 353
152 359
152 363
152 372
152 395
152 405
153 167
153 171
153 174
153 179
153 186
153 194
153 218
153 232
153 241
153 249
153 256
153 264
153 275
153 280
153 281
153 297
153 310
153 318
153 326
153 343
153 344
153 345
153 355
153 358
153 366
153 369
153 383
153 391
154 157
154 164
154 175
154 188
154 193
154 194
154 213
154 218
154 221
154 232
154 249
154 275
154 301
154 337
154 346
154 350
154 357
154 379
154 401
154 407
154 409
155 178
155 193
155 196
155 198
155 206
155 210
155 237
155 248
155 253
155 266
155 267
155 283
155 294
155 308
155 317
155 338
155 368
155 388
155 398
155 404
155 407
155 408
156 176
156 179
156 183
156 192
156 205
156 213
156 214
156 231
156 236
156 238
156 241
156 250
156 276
156 277
156 278
156 302
156 325
156 327
156 331
156 336
156 366
156 401
156 408
157 166
157 172
157 190
157 211
157 213
157 224
157 231
157 240
157 250
157 258
157 260
157 263
157 272
157 282
157 294
157 295
157 312
157 320
157 339
157 343
157 345
157 363
157 378
157 409
158 172
158 193
158 201
158 215
158 221
158 243
158 244
158 248
158 268
158 279
158 283
158 300
158 304
158 309
158 318
158 329
158 338
158 359
158 381
158 390
158 397
159 164
159 165
159 173
159 189
159 191
159 192
159 206
159 209
159 240
159 254
159 257
159 290
159 294
159 295
159 311
159 314
159 318
159 329
159 370
159 373
159 380
159 383
160 170
160 171
160 189
160 191
160 218
160 225
160 231
160 275
160 283
160 303
160 312
160 315
160 327
160 341
160 343
160 349
160 354
160 361
160 378
160 380
160 386
160 409
161 171
161 175
161 180
161 200
161 204
161 225
161 262
161 267
161 273
161 277
161 279
161 287
161 311
161 321
161 332
161 335
161 337
161 351
161 359
161 367
161 370
161 392
161 402
162 187
162 196
162 200
162 203
162 204
162 211
162 216
162 219
162 225
162 229
162 232
162 237
162 246
162 247
162 261
162 262
162 263
162 274
162 276
162 284
162 288
162 295
162 305
162 314
162 333
162 338
162 339
162 356
162 369
162 372
162 373
162 391
162 398
163 187
163 189
163 219
163 248
163 254
163 261
163 270
163 286
163 303
163 319
163 334
163 335
163 342
163 350
163 359
163 384
163 387
163 394
163 397
163 401
163 406
164 170
164 174
164 183
164 192
164 203
164 222
164 228
164 242
164 252
164 261
164 264
164 266
164 267
164 302
164 310
164 320
164 327
164 330
164 352
164 368
164 369
164 375
164 378
164 380
164 392
164 398
165 177
165 220
165 225
165 265
165 271
165 288
165 289
165 317
165 322
165 327
165 351
165 355
165 356
165 368
165 379
165 398
165 405
166 184
166 190
166 195
166 203
166 215
166 233
166 235
166 246
166 247
166 249
166 250
166 256
166 257
166 276
166 296
166 311
166 316
166 321
166 327
166 329
166 332
166 350
166 365
166 374
166 393
166 397
167 170
167 176
167 177
167 207
167 220
167 223
167 225
167 242
167 268
167 277
167 286
167 302
167 310
167 317
167 320
167 327
167 329
167 335
167 348
167 368
167 377
167 392
167 407
167 408
168 169
168 186
168 187
168 188
168 193
168 210
168 214
168 220
168 242
168 243
168 259
168 262
168 279
168 286
168 297
168 301
168 311
168 314
168 319
168 328
168 340
168 347
168 377
168 385
169 170
169 174
169 182
169 183
169 195
169 198
169 200
169 226
169 236
169 253
169 256
169 276
169 292
169 297
169 298
169 301
169 302
169 307
169 336
169 359
169 360
169 362
169 379
169 383
170 186
170 209
170 218
170 229
170 257
170 264
170 273
170 277
170 290
170 297
170 305
170 315
170 316
170 335
170 343
170 355
170 367
170 368
170 377
170 381
170 394
170 401
170 403
170 406
171 177
171 186
171 205
171 222
171 233
171 235
171 241
171 248
171 252
171 255
171 272
171 277
171 305
171 308
171 318
171 328
171 351
171 355
171 358
171 368
171 377
171 389
171 392
171 394
171 404
172 181
172 191
172 196
172 198
172 200
172 226
172 230
172 239
172 243
172 265
172 266
172 281
172 293
172 301
172 302
172 304
172 305
172 307
172 317
172 333
172 359
172 365
172 368
172 371
172 380
172 389
172 393
172 394
172 402
172 406
172 409
173 188
173 213
173 217
173 242
173 252
173 256
173 268
173 283
173 298
173 305
173 308
173 311
173 345
173 352
173 360
173 393
173 396
173 405
173 407
173 408
174 175
174 180
174 199
174 245
174 253
174 267
174 270
174 273
174 277
174 287
174 289
174 311
174 321
174 337
174 339
174 343
174 344
174 350
174 377
174 381
174 385
174 397
174 401
174 406
175 182
175 209
175 215
175 218
175 221
175 248
175 280
175 281
175 283
175 287
175 292
175 319
175 331
175 339
175 341
175 372
175 380
175 389
175 398
176 194
176 205
176 231
176 242
176 274
176 280
176 284
176 285
176 286
176 293
176 296
176 304
176 321
176 328
176 330
176 334
176 336
176 342
176 375
176 380
176 398
176 405
177 190
177 205
177 206
177 207
177 246
177 251
177 263
177 283
177 292
177 310
177 324
177 333
177 390
177 393
177 395
178 197
178 231
178 235
178 240
178 244
178 263
178 275
178 286
178 289
178 292
178 317
178 337
178 340
178 342
178 347
178 353
178 379
178 405
178 407
179 194
179 197
179 198
179 201
179 203
179 206
179 212
179 218
179 241
179 243
179 251
179 267
179 268
179 277
179 286
179 291
179 295
179 298
179 299
179 307
179 310
179 343
179 348
179 356
179 377
180 205
180 211
180 216
180 219
180 233
180 254
180 264
180 267
180 272
180 273
180 290
180 298
180 322
180 330
180 332
180 336
180 341
180 344
180 360
180 363
180 370
180 376
180 381
180 382
180 388
180 392
181 208
181 215
181 220
181 227
181 239
181 245
181 289
181 291
181 295
181 303
181 311
181 330
181 343
181 346
181 354
181 360
181 371
181 375
181 381
181 383
181 384
181 399
182 189
182 197
182 206
182 208
182 238
182 242
182 250
182 279
182 281
182 287
182 289
182 290
182 300
182 308
182 309
182 318
182 325
182 335
182 348
182 366
182 370
182 374
182 376
182 393
182 398
182 405
182 409
183 199
183 203
183 213
183 219
183 265
183 268
183 295
183 302
183 306
183 328
183 336
183 339
183 347
183 348
183 360
183 368
183 380
183 391
183 399
183 401
183 402
184 187
184 196
184 200
184 203
184 208
184 209
184 213
184 220
184 225
184 235
184 242
184 248
184 249
184 254
184 257
184 260
184 287
184 297
184 298
184 299
184 300
184 322
184 332
184 341
184 348
184 350
184 373
184 379
184 407
185 216
185 219
185 230
185 239
185 246
185 251
185 257
185 260
185 272
185 320
185 322
185 337
185 339
185 342
185 389
186 197
186 205
186 227
186 231
186 233
186 260
186 264
186 287
186 288
186 298
186 311
186 320
186 348
186 352
186 358
186 369
186 401
186 407
187 203
187 224
187 227
187 242
187 243
187 282
187 290
187 296
187 297
187 309
187 310
187 317
187 325
187 344
187 345
187 363
187 364
187 384
187 386
187 397
187 399
187 408
188 190
188 205
188 209
188 219
188 236
188 240
188 261
188 276
188 281
188 282
188 285
188 299
188 310
188 357
188 384
188 388
188 396
188 399
188 406
189 199
189 205
189 211
189 214
189 217
189 235
189 236
189 244
189 245
189 246
189 259
189 263
189 270
189 271
189 288
189 296
189 301
189 302
189 329
189 343
189 366
189 377
189 378
189 383
189 397
189 409
190 194
190 195
190 208
190 218
190 238
190 245
190 253
190 262
190 267
190 283
190 303
190 310
190 325
190 339
190 344
190 354
190 355
190 404
191 195
191 203
191 204
191 205
191 235
191 242
191 270
191 278
191 279
191 281
191 290
191 293
191 304
191 310
191 325
191 332
191 343
191 344
191 346
191 349
191 367
191 386
191 391
191 406
192 213
192 217
192 223
192 228
192 236
192 246
192 260
192 272
192 318
192 325
192 332
192 348
192 352
192 360
192 366
192 377
192 383
192 385
192 400
193 209
193 222
193 225
193 248
193 249
193 258
193 263
193 306
193 313
193 338
193 348
193 352
193 357
193 363
193 366
193 378
193 387
193 402
194 195
194 202
194 209
194 210
194 215
194 219
194 228
194 231
194 243
194 256
194 272
194 278
194 287
194 305
194 324
194 326
194 329
194 343
194 348
194 355
194 369
194 379
194 385
194 395
194 396
195 197
195 199
195 204
195 206
195 254
195 259
195 262
195 263
195 293
195 296
195 306
195 307
195 324
195 337
195 340
195 353
195 356
195 373
195 377
195 400
195 407
195 409
196 199
196 208
196 217
196 233
196 242
196 247
196 254
196 255
196 257
196 268
196 270
196 291
196 328
196 334
196 338
196 351
196 380
196 382
196 397
196 407
197 204
197 206
197 207
197 209
197 213
197 228
197 229
197 236
197 244
197 246
197 263
197 265
197 281
197 283
197 286
197 313
197 337
197 343
197 345
197 354
197 356
197 357
197 372
197 387
197 408
198 206
198 219
198 231
198 251
198 266
198 274
198 275
198 278
198 290
198 297
198 299
198 309
198 317
198 318
198 320
198 322
198 332
198 335
198 343
198 357
198 359
198 369
198 375
198 395
199 212
199 235
199 236
199 241
199 249
199 254
199 256
199 272
199 285
199 289
199 290
199 294
199 309
199 312
199 315
199 317
199 329
199 340
199 351
199 352
199 356
199 374
199 378
199 395
200 241
200 248
200 262
200 281
200 284
200 290
200 295
200 300
200 304
200 308
200 311
200 320
200 323
200 324
200 335
200 347
200 349
200 354
200 359
200 360
200 366
200 367
200 368
200 373
200 374
200 387
200 393
200 404
201 217
201 220
201 234
201 235
201 275
201 279
201 291
201 300
201 311
201 317
201 318
201 322
201 323
201 325
201 333
201 334
201 335
201 382
201 394
201 402
201 409
202 213
202 221
202 228
202 229
202 232
202 262
202 268
202 296
202 298
202 312
202 313
202 321
202 322
202 339
202 343
202 352
202 362
202 373
202 375
202 379
202 382
202 386
202 395
202 409
203 215
203 243
203 244
203 245
203 254
203 255
203 258
203 264
203 265
203 283
203 287
203 307
203 308
203 309
203 328
203 331
203 349
203 360
203 375
203 380
203 381
203 391
203 392
203 396
203 400
204 213
204 226
204 235
204 236
204 240
204 255
204 260
204 264
204 292
204 296
204 298
204 321
204 331
204 337
204 340
204 366
204 373
204 374
204 386
204 394
204 407
205 206
205 226
205 231
205 234
205 245
205 267
205 277
205 284
205 294
205 304
205 308
205 313
205 323
205 336
205 337
205 340
205 351
205 360
205 362
205 363
205 379
205 381
205 399
205 401
205 409
206 207
206 213
206 217
206 233
206 235
206 244
206 246
206 254
206 271
206 274
206 275
206 278
206 287
206 304
206 313
206 337
206 361
206 362
206 378
206 401
207 221
207 223
207 226
207 238
207 241
207 249
207 271
207 274
207 297
207 304
207 347
207 353
207 354
207 355
207 370
207 386
208 212
208 221
208 225
208 229
208 241
208 251
208 252
208 267
208 270
208 273
208 276
208 283
208 294
208 313
208 324
208 325
208 338
208 346
208 360
208 363
208 372
208 383
208 388
209 226
209 227
209 230
209 234
209 298
209 304
209 328
209 334
209 348
209 356
209 375
209 379
209 386
209 392
210 237
210 238
210 251
210 258
210 263
210 267
210 277
210 281
210 285
210 291
210 311
210 320
210 323
210 348
210 357
210 369
210 379
210 401
210 406
211 213
211 245
211 256
211 259
211 264
211 265
211 275
211 281
211 306
211 310
211 311
211 322
211 325
211 326
211 331
211 333
211 353
211 389
211 400
212 215
212 233
212 241
212 244
212 248
212 249
212 250
212 251
212 260
212 267
212 268
212 270
212 291
212 304
212 314
212 319
212 342
212 361
212 363
212 375
212 396
213 215
213 241
213 249
213 264
213 276
213 278
213 287
213 292
213 310
213 328
213 329
213 333
213 337
213 341
213 344
213 349
213 354
213 356
213 364
213 365
213 370
213 383
213 403
214 222
214 230
214 232
214 236
214 247
214 248
214 252
214 254
214 265
214 270
214 271
214 287
214 316
214 319
214 321
214 334
214 343
214 344
214 349
214 373
214 379
214 384
214 388
214 404
215 220
215 243
215 247
215 250
215 254
215 269
215 308
215 316
215 318
215 320
215 330
215 367
215 382
215 392
215 394
215 403
216 222
216 241
216 265
216 269
216 271
216 274
216 275
216 291
216 298
216 299
216 323
216 348
216 357
216 363
216 367
216 370
216 379
216 389
216 399
217 227
217 242
217 252
217 257
217 258
217 268
217 285
217 290
217 294
217 337
217 341
217 342
217 344
217 348
217 369
217 380
217 382
217 386
217 390
217 406
218 222
218 223
218 229
218 236
218 237
218 242
218 244
218 247
218 266
218 270
218 275
218 279
218 286
218 295
218 301
218 327
218 330
218 340
218 342
218 348
218 386
218 390
218 393
218 400
218 404
218 406
219 229
219 230
219 232
219 255
219 280
219 282
219 298
219 311
219 312
219 325
219 367
219 371
219 392
219 401
219 403
220 234
220 248
220 251
220 257
220 259
220 273
220 311
220 330
220 342
220 352
220 361
220 363
220 372
220 383
220 388
220 389
220 395
220 397
220 400
220 409
221 235
221 265
221 266
221 274
221 282
221 306
221 310
221 315
221 321
221 337
221 341
221 357
222 224
222 230
222 252
222 253
222 312
222 317
222 326
222 331
222 333
222 364
222 391
222 392
223 225
223 249
223 251
223 256
223 271
223 277
223 291
223 292
223 304
223 309
223 358
223 386
223 404
224 247
224 254
224 259
224 284
224 293
224 297
224 299
224 315
224 328
224 341
224 347
224 348
224 358
224 366
224 383
224 388
224 399
224 403
224 407
225 251
225 258
225 271
225 279
225 280
225 281
225 291
225 327
225 332
225 336
225 350
225 391
225 409
226 231
226 255
226 269
226 286
226 291
226 294
226 298
226 309
226 313
226 315
226 332
226 333
226 334
226 344
226 349
226 356
226 368
226 376
226 384
226 400
226 401
227 228
227 278
227 282
227 292
227 308
227 343
227 375
227 383
227 387
227 389
227 406
228 229
228 247
228 255
228 257
228 271
228 273
228 275
228 283
228 284
228 289
228 298
228 311
228 322
228 325
228 337
228 342
228 344
228 366
228 388
228 390
228 399
228 407
229 245
229 260
229 271
229 281
229 291
229 294
229 295
229 301
229 304
229 317
229 349
229 352
229 367
229 368
229 373
229 375
229 382
229 390
229 405
229 407
229 409
230 237
230 244
230 259
230 264
230 278
230 282
230 284
230 290
230 309
230 315
230 323
230 337
230 358
230 359
230 362
230 365
230 388
230 395
231 240
231 245
231 246
231 253
231 256
231 265
231 273
231 286
231 318
231 321
231 332
231 334
231 337
231 338
231 339
231 340
231 370
231 386
231 390
231 395
231 399
231 401
231 403
231 407
232 234
232 236
232 246
232 267
232 283
232 297
232 310
232 318
232 326
232 327
232 328
232 335
232 365
232 366
232 367
232 368
232 372
232 381
232 390
232 405
233 235
233 261
233 270
233 275
233 277
233 284
233 302
233 307
233 310
233 312
233 314
233 317
233 329
233 339
233 352
233 354
233 359
233 372
233 378
233 385
233 403
234 243
234 250
234 254
234 285
234 288
234 313
234 319
234 325
234 342
234 346
234 358
234 361
234 370
234 378
234 381
234 397
234 398
235 241
235 256
235 274
235 303
235 305
235 315
235 323
235 327
235 328
235 329
235 335
235 336
235 360
235 388
235 400
235 408
236 272
236 284
236 289
236 292
236 299
236 300
236 302
236 314
236 320
236 328
236 337
236 342
236 343
236 348
236 350
236 352
236 362
236 367
236 374
236 391
236 402
237 249
237 252
237 262
237 284
237 286
237 293
237 302
237 304
237 306
237 309
237 325
237 329
237 337
237 347
237 353
237 364
237 365
237 368
237 377
237 382
237 384
237 386
237 395
237 396
237 407
238 240
238 252
238 262
238 268
238 302
238 307
238 314
238 329
238 330
238 341
238 360
238 365
238 376
238 383
238 402
238 406
239 270
239 274
239 276
239 286
239 296
239 312
239 313
239 317
239 330
239 331
239 334
239 348
239 361
239 366
239 382
239 383
239 403
239 407
240 242
240 263
240 283
240 298
240 299
240 300
240 308
240 313
240 317
240 326
240 331
240 337
240 345
240 350
240 351
240 355
240 359
240 371
240 376
240 379
240 380
240 395
241 261
241 266
241 267
241 274
241 285
241 302
241 314
241 316
241 317
241 324
241 339
241 344
241 362
241 380
241 387
241 391
242 252
242 262
242 279
242 280
242 286
242 292
242 304
242 310
242 344
242 354
242 373
242 380
242 389
242 396
242 403
242 404
242 407
243 260
243 265
243 266
243 271
243 272
243 285
243 289
243 305
243 309
243 325
243 331
243 333
243 336
243 350
243 352
243 362
243 364
243 366
243 373
243 380
243 385
243 397
243 398
243 401
243 407
244 286
244 305
244 306
244 326
244 327
244 332
244 341
244 343
244 346
244 360
244 366
244 367
244 377
244 384
244 399
244 409
245 251
245 264
245 265
245 267
245 270
245 271
245 278
245 289
245 301
245 310
245 334
245 339
245 355
245 360
245 367
245 372
245 376
245 405
246 250
246 251
246 280
246 301
246 305
246 340
246 357
246 361
246 365
246 370
246 384
246 408
247 252
247 254
247 257
247 264
247 269
247 271
247 287
247 289
247 314
247 324
247 326
247 334
247 377
247 391
247 402
247 404
247 405
248 249
248 270
248 272
248 278
248 281
248 288
248 289
248 295
248 302
248 307
248 323
248 344
248 363
248 369
248 378
248 387
248 404
249 253
249 264
249 288
249 298
249 304
249 305
249 309
249 313
249 316
249 317
249 323
249 352
249 354
249 370
249 378
249 404
249 405
250 252
250 256
250 257
250 270
250 278
250 279
250 286
250 296
250 305
250 312
250 314
250 320
250 347
250 350
250 355
250 366
250 375
250 378
250 395
250 399
251 260
251 263
251 284
251 333
251 337
251 342
251 343
251 344
251 351
251 354
252 253
252 274
252 306
252 309
252 325
252 328
252 329
252 330
252 339
252 355
252 359
252 383
252 394
252 401
252 404
253 255
253 258
253 279
253 281
253 282
253 286
253 287
253 307
253 308
253 312
253 313
253 340
253 346
253 354
253 355
253 357
253 372
253 382
253 393
253 395
254 263
254 286
254 291
254 304
254 305
254 313
254 322
254 328
254 338
254 340
254 359
254 374
254 375
254 376
254 399
254 400
255 259
255 266
255 271
255 272
255 280
255 293
255 319
255 320
255 331
255 339
255 345
255 371
255 384
255 389
255 405
255 409
256 258
256 266
256 268
256 270
256 275
256 284
256 296
256 311
256 317
256 320
256 335
256 340
256 365
256 367
256 379
256 384
256 403
257 264
257 268
257 298
257 300
257 323
257 333
257 337
257 352
257 355
257 363
257 367
257 389
257 395
257 399
258 273
258 276
258 292
258 295
258 301
258 311
258 326
258 335
258 339
258 358
258 365
258 379
258 398
258 403
259 262
259 277
259 281
259 286
259 288
259 294
259 296
259 310
259 313
259 320
259 328
259 329
259 345
259 348
259 363
259 378
259 386
259 401
260 266
260 270
260 281
260 283
260 304
260 305
260 306
260 307
260 321
260 323
260 349
260 354
260 374
260 380
260 391
260 400
260 407
260 408
261 271
261 275
261 308
261 318
261 322
261 329
261 364
261 370
261 374
261 387
261 388
261 396
262 263
262 290
262 301
262 302
262 350
262 370
262 375
262 388
262 389
262 398
263 266
263 267
263 273
263 275
263 276
263 298
263 301
263 304
263 308
263 332
263 337
263 339
263 340
263 342
263 344
263 356
263 363
263 390
263 393
263 397
263 399
264 269
264 270
264 279
264 287
264 288
264 301
264 302
264 303
264 312
264 321
264 322
264 324
264 332
264 339
264 341
264 346
264 352
264 354
264 356
264 360
264 367
264 368
264 384
264 388
264 397
264 398
264 403
264 407
264 408
265 269
265 275
265 278
265 279
265 282
265 292
265 304
265 314
265 320
265 332
265 335
265 336
265 358
265 360
265 365
265 383
265 389
265 407
266 268
266 272
266 282
266 284
266 285
266 300
266 303
266 307
266 319
266 333
266 342
266 372
267 273
267 282
267 301
267 323
267 350
267 373
267 375
267 383
267 389
267 409
268 283
268 291
268 304
268 314
268 318
268 339
268 341
268 362
268 371
268 377
268 383
268 384
268 392
268 408
269 271
269 281
269 283
269 356
269 361
269 362
269 364
269 368
269 379
269 381
269 395
269 400
270 274
270 281
270 285
270 286
270 291
270 304
270 313
270 315
270 320
270 323
270 331
270 332
270 344
270 354
270 380
270 388
270 389
270 401
271 275
271 280
271 283
271 290
271 296
271 298
271 303
271 306
271 325
271 327
271 328
271 329
271 335
271 346
271 366
271 370
271 379
271 394
271 405
271 406
272 276
272 288
272 308
272 312
272 316
272 319
272 322
272 323
272 333
272 347
272 364
272 371
272 387
272 401
273 288
273 304
273 309
273 311
273 314
273 326
273 338
273 342
273 351
273 371
273 376
273 388
273 391
274 277
274 280
274 283
274 294
274 314
274 324
274 334
274 348
274 352
274 358
274 403
274 407
275 301
275 304
275 309
275 313
275 338
275 342
275 369
275 371
275 372
275 377
275 397
276 286
276 287
276 291
276 297
276 316
276 323
276 325
276 334
276 346
276 364
276 380
276 394
277 313
277 315
277 318
277 320
277 328
277 329
277 356
277 359
277 363
277 373
277 389
277 400
278 281
278 285
278 311
278 317
278 322
278 332
278 359
278 368
278 370
278 373
278 378
278 393
278 398
278 408
279 298
279 301
279 304
279 365
279 367
279 379
279 391
279 401
279 408
280 300
280 302
280 325
280 329
280 335
280 337
280 340
280 348
280 360
280 361
280 373
280 375
280 391
280 392
280 395
280 402
280 408
281 291
281 311
281 312
281 322
281 330
281 341
281 342
281 344
281 358
281 366
281 388
281 407
281 409
282 284
282 315
282 324
282 325
282 336
282 340
282 361
282 372
282 380
282 385
282 397
283 288
283 293
283 333
283 342
283 345
283 349
283 359
283 375
283 381
283 382
283 383
283 389
283 409
284 289
284 293
284 298
284 299
284 311
284 314
284 324
284 326
284 339
284 340
284 342
284 350
284 352
284 365
284 382
284 389
284 390
284 398
284 402
284 403
284 409
285 286
285 289
285 290
285 292
285 297
285 298
285 300
285 314
285 320
285 325
285 354
285 387
285 389
285 396
285 400
285 402
285 405
285 407
286 305
286 318
286 326
286 338
286 354
286 358
286 362
286 364
286 368
286 371
286 379
286 381
286 387
286 388
286 389
286 394
286 404
286 405
287 290
287 321
287 322
287 325
287 334
287 339
287 350
287 371
287 375
287 380
287 385
287 396
287 406
288 305
288 312
288 326
288 331
288 333
288 334
288 343
288 346
288 366
288 367
288 368
288 373
288 393
288 405
289 305
289 326
289 342
289 345
289 347
289 348
289 349
289 350
289 351
289 366
289 378
289 387
289 406
290 299
290 316
290 326
290 334
290 337
290 340
290 356
290 372
290 389
291 296
291 316
291 317
291 323
291 335
291 343
291 344
291 355
291 359
291 363
291 366
291 370
291 378
291 398
291 399
291 403
291 404
291 405
291 407
292 293
292 298
292 306
292 307
292 336
292 338
292 360
292 375
293 309
293 337
293 343
293 345
293 352
293 359
293 365
293 368
293 385
293 401
293 404
294 301
294 305
294 313
294 349
294 372
294 394
294 406
295 299
295 308
295 312
295 319
295 322
295 327
295 339
295 345
295 361
295 382
295 391
296 310
296 316
296 325
296 326
296 339
296 342
296 344
296 352
296 354
296 358
296 380
296 381
296 383
296 389
296 393
296 405
296 407
297 313
297 318
297 348
297 365
298 313
298 314
298 343
298 358
298 391
299 311
299 318
299 323
299 335
299 339
299 343
299 351
299 383
299 393
299 408
300 307
300 326
300 330
300 355
300 376
300 380
300 395
300 398
300 401
300 408
301 302
301 311
301 317
301 324
301 328
301 357
301 384
301 394
301 409
302 304
302 317
302 330
302 380
302 390
302 409
303 307
303 319
303 322
303 325
303 327
303 335
303 367
303 388
303 394
303 396
303 397
304 325
304 331
304 336
304 337
304 350
304 351
304 373
304 387
305 312
305 313
305 330
305 333
305 336
305 343
305 367
305 375
306 318
306 320
306 321
306 328
306 329
306 337
306 341
306 346
306 351
306 356
306 383
306 389
306 397
306 400
306 402
306 404
306 409
307 309
307 310
307 318
307 333
307 348
307 352
307 358
307 363
307 373
307 384
307 396
307 408
308 313
308 336
308 337
308 360
308 370
308 378
308 394
308 397
308 401
309 312
309 316
309 329
309 348
309 350
309 357
309 373
309 380
309 389
309 392
309 399
310 321
310 322
310 336
310 338
310 351
310 353
310 366
310 370
310 378
310 396
311 322
311 323
311 331
311 335
311 342
311 358
311 363
311 382
311 388
311 404
311 407
312 325
312 326
312 332
312 365
312 370
312 372
312 375
312 382
312 384
313 314
313 325
313 330
313 331
313 340
313 353
313 356
313 363
313 367
313 371
313 387
313 399
314 333
314 342
314 351
314 358
314 368
314 370
314 379
314 381
314 386
314 392
314 406
315 321
315 341
315 369
315 372
315 376
315 379
316 340
316 351
316 367
316 375
316 378
316 386
316 397
316 404
317 323
317 327
317 341
317 347
317 350
317 357
317 402
317 407
318 354
318 355
318 389
318 403
319 321
319 335
319 367
319 373
319 374
319 379
319 390
319 393
320 323
320 342
320 360
320 376
320 389
320 398
320 401
320 405
320 406
321 345
321 349
321 354
321 361
321 383
321 393
322 332
322 336
322 346
322 353
322 356
322 369
322 379
323 328
323 334
323 342
323 353
323 357
323 366
323 375
323 380
323 387
323 392
323 394
323 407
324 336
324 337
324 338
324 348
324 358
324 362
324 367
324 378
324 385
324 387
324 390
324 402
325 342
325 351
325 360
325 375
325 383
325 386
326 336
326 338
326 371
326 376
326 379
326 385
326 388
326 396
326 397
326 399
326 408
327 343
327 345
327 357
327 394
327 395
328 336
328 337
328 343
328 356
328 357
328 390
328 403
328 407
329 330
329 340
329 365
329 385
329 401
329 408
330 338
330 345
330 356
330 362
330 363
330 366
330 406
331 335
331 341
331 345
331 347
331 352
331 359
331 379
331 388
331 391
331 392
331 393
331 399
332 341
332 345
332 350
332 399
333 337
333 340
333 352
333 371
333 398
333 406
334 356
334 358
334 383
334 406
335 353
335 360
335 364
335 380
336 352
336 364
336 368
336 373
336 380
336 393
337 341
337 347
337 350
337 361
337 366
337 373
337 383
337 390
337 399
338 344
338 348
338 350
338 354
338 389
338 398
338 400
338 403
338 406
339 341
339 362
339 406
340 374
340 383
340 402
341 357
341 366
341 370
341 371
341 391
341 392
341 397
342 347
342 349
342 353
342 357
342 365
342 387
342 401
342 409
343 381
344 345
344 349
344 350
344 351
344 352
344 354
344 360
344 377
344 392
344 396
344 397
344 409
345 351
345 357
345 365
345 374
345 377
345 390
346 348
346 351
346 359
346 362
346 377
346 379
346 387
346 391
347 350
347 351
347 356
347 369
347 384
347 386
347 392
347 396
347 397
348 372
348 375
348 377
348 382
348 393
348 402
348 408
349 357
349 358
349 368
349 370
349 386
349 392
349 400
349 406
349 409
350 361
350 363
350 365
350 391
350 393
350 395
350 408
351 380
351 389
351 404
352 396
352 405
353 355
353 357
353 365
353 383
353 385
353 389
353 398
353 399
353 402
354 363
354 371
354 382
354 387
354 392
354 404
355 366
355 375
355 381
355 382
355 388
355 397
356 397
357 360
357 363
357 365
357 391
357 399
357 401
358 359
358 382
358 406
358 407
359 360
359 361
359 366
359 379
359 397
359 403
360 377
360 378
360 389
360 390
360 396
360 400
360 404
361 375
362 370
362 374
362 402
363 367
363 377
363 381
363 397
363 408
364 365
364 379
364 405
365 383
365 385
365 390
365 400
365 405
365 407
366 395
366 401
367 404
367 406
368 382
368 385
368 392
368 397
368 398
368 406
369 372
369 375
369 381
369 400
370 378
370 381
370 387
370 392
371 388
371 395
371 401
372 373
372 401
372 407
373 381
373 389
373 404
374 381
374 401
374 402
374 405
375 384
376 378
376 379
376 380
376 385
376 390
376 392
376 399
377 379
377 387
377 400
377 401
377 406
378 380
378 385
378 390
378 396
378 403
379 391
379 396
379 398
379 404
379 408
380 382
380 388
380 394
380 397
382 400
384 396
384 397
384 398
384 403
384 407
385 395
385 401
386 389
386 391
386 398
387 397
387 401
387 405
388 396
388 404
388 405
389 393
389 398
390 394
390 400
391 395
391 399
391 408
391 409
392 403
392 408
393 407
394 395
394 407
395 396
395 405
396 409
397 404
399 401
404 407
406 408
