100 196
0 1
0 2
0 3
0 4
0 5
0 7
0 13
0 14
0 15
0 17
0 18
0 21
0 37
0 48
0 49
0 50
0 55
0 70
0 72
0 78
0 86
0 99
1 3
1 4
1 6
1 7
1 9
1 11
1 12
1 29
1 30
1 31
1 44
1 59
1 63
1 66
1 68
1 76
1 87
1 92
1 97
2 8
2 14
2 37
2 55
2 56
3 23
3 38
3 53
3 54
3 56
3 59
3 64
3 73
4 5
4 6
4 8
4 10
4 18
4 23
4 25
4 41
4 42
4 46
4 47
4 51
4 54
4 62
4 65
4 75
5 19
5 71
6 9
6 10
6 12
6 17
6 26
6 31
6 34
6 48
6 50
6 53
6 62
6 70
6 73
6 84
6 88
6 94
7 11
7 13
7 33
7 98
8 15
8 16
8 22
8 24
8 27
8 28
8 40
9 38
9 39
10 16
10 19
10 60
10 83
11 61
12 20
12 24
12 32
12 42
12 58
12 67
12 76
12 79
12 82
12 91
13 35
13 85
14 45
14 72
14 92
15 29
15 44
15 69
16 36
16 75
16 97
18 20
18 21
18 25
18 26
18 27
18 30
18 32
18 46
18 52
18 93
18 96
20 36
20 64
21 22
21 33
21 47
21 69
21 81
21 88
21 90
22 49
23 52
23 57
23 63
24 28
24 41
24 94
25 74
27 84
28 40
28 67
28 68
29 81
31 39
31 65
32 58
32 61
33 34
33 35
36 77
37 43
37 60
37 71
40 80
40 82
41 90
41 98
42 43
42 45
42 57
43 91
45 51
45 89
49 79
49 83
51 74
51 95
54 66
54 77
58 85
59 80
60 95
63 87
63 89
65 78
66 86
68 96
88 93
89 99
