100 196
0 1
0 2
0 4
0 5
0 7
0 8
0 9
0 11
0 26
0 43
0 63
0 74
0 85
1 3
1 6
1 18
1 37
1 45
1 50
1 51
1 52
1 89
2 3
2 81
3 4
3 5
3 6
3 7
3 8
3 13
3 21
3 33
3 40
3 41
3 48
3 56
3 62
3 70
3 86
3 97
4 15
4 30
4 39
4 88
5 10
5 14
5 34
5 36
5 45
5 55
5 67
5 76
5 78
5 80
5 82
5 95
6 9
6 10
6 12
6 13
6 18
6 24
6 25
6 35
6 51
6 56
6 63
6 77
6 80
7 16
7 17
7 19
7 22
7 25
7 30
7 34
7 36
7 42
7 49
7 60
7 62
7 69
7 71
7 76
7 92
7 93
7 97
7 98
8 11
8 12
8 14
8 22
8 23
8 24
8 28
8 31
8 39
8 72
8 75
8 91
9 27
9 38
9 44
10 71
10 88
11 28
11 29
11 57
11 77
12 15
12 19
12 20
12 23
12 44
12 49
12 91
13 16
13 17
13 33
13 75
13 93
14 66
14 83
15 20
15 21
15 32
15 84
16 61
16 65
16 72
16 73
16 94
17 27
17 52
17 68
17 94
21 81
22 59
24 29
24 31
24 32
24 40
24 48
24 66
24 79
24 90
25 26
25 69
25 96
26 41
26 46
26 85
28 38
28 59
29 37
29 78
29 84
29 87
31 35
31 46
31 47
31 57
31 58
32 82
33 67
33 73
34 43
36 42
36 64
36 92
37 64
40 50
41 55
41 58
43 54
44 61
45 53
46 47
46 65
46 99
48 79
48 83
48 99
50 54
52 53
52 60
52 68
52 86
55 70
56 95
63 96
72 74
72 90
77 89
81 98
83 87
