100 196
0 1
0 2
0 3
0 4
0 5
0 7
0 8
0 10
0 12
0 20
0 21
0 23
0 25
0 30
0 31
0 32
0 35
0 36
0 37
0 44
0 46
0 51
0 54
0 58
0 69
0 75
0 79
0 86
1 4
1 6
1 9
1 10
1 11
1 13
1 16
1 27
1 42
1 48
1 50
1 55
1 56
1 72
1 94
2 3
2 6
2 9
2 24
3 5
3 19
3 20
3 59
3 73
3 96
4 22
4 26
4 40
4 63
5 7
5 8
5 13
5 17
5 21
5 28
5 34
5 35
5 44
5 52
5 67
5 88
6 75
6 77
6 89
7 14
7 43
7 73
8 11
8 14
8 15
8 19
8 30
8 38
8 48
8 61
8 65
8 92
8 93
8 99
9 15
9 47
9 71
9 74
9 81
9 83
9 97
10 12
10 23
10 77
11 50
11 86
11 87
12 16
12 32
12 61
13 68
14 18
14 55
15 25
15 53
15 84
16 17
16 18
16 22
16 27
16 33
16 34
16 42
16 45
16 54
16 82
16 94
17 24
17 26
17 28
17 63
17 85
17 96
18 47
18 70
18 71
18 90
18 93
19 33
19 57
20 97
23 78
24 29
24 56
24 68
24 98
25 29
25 36
25 39
25 41
25 64
26 91
29 37
29 41
29 45
29 60
29 72
29 99
30 31
30 51
30 62
30 81
30 92
31 57
32 39
32 40
32 80
35 38
35 59
38 60
38 66
39 46
39 49
39 64
39 90
39 95
40 43
41 53
42 49
42 84
43 98
45 62
45 69
47 76
49 52
49 58
49 67
49 82
49 85
52 79
52 91
53 65
53 70
53 78
53 89
54 88
57 87
60 80
61 66
64 76
67 95
73 74
81 83
