100 196
0 1
0 2
0 15
0 17
0 32
0 39
0 46
0 81
0 84
1 3
1 4
1 5
1 6
1 7
1 8
1 9
1 11
1 13
1 14
1 17
1 18
1 20
1 21
1 22
1 23
1 26
1 28
1 30
1 37
1 39
1 46
1 49
1 53
1 66
1 70
1 76
1 83
1 98
2 3
2 4
2 5
2 6
2 7
2 8
2 22
2 25
2 31
2 34
2 40
2 47
2 52
2 56
2 68
2 80
2 81
2 85
2 94
3 9
3 10
3 11
3 16
3 21
3 24
3 27
3 35
3 40
3 47
3 49
3 55
3 57
3 58
3 59
3 68
3 75
3 79
3 87
3 97
4 19
4 51
4 85
4 87
5 12
5 13
5 16
5 20
5 25
5 26
5 29
5 32
5 63
5 67
5 73
6 12
6 27
6 34
6 38
6 48
6 52
6 62
6 69
6 72
6 76
6 84
6 88
6 90
6 91
6 94
7 33
7 42
7 45
8 10
8 14
8 36
8 62
8 86
8 90
9 30
9 33
10 29
10 58
10 91
11 15
12 19
12 78
14 44
15 35
15 54
15 56
15 65
16 31
16 43
16 48
16 50
16 55
17 18
18 23
18 72
19 73
19 89
20 64
20 71
21 24
22 36
22 38
22 41
22 66
22 93
23 75
23 79
24 28
24 45
24 54
24 59
25 83
27 78
28 67
28 71
28 95
29 61
30 50
30 74
31 42
31 60
32 53
33 70
34 37
35 57
35 61
35 95
37 64
38 43
39 41
39 88
40 44
43 60
43 97
43 99
45 51
46 82
48 65
52 69
52 77
52 96
56 80
57 92
61 74
62 63
64 93
68 77
71 82
71 89
71 92
80 86
81 98
82 96
95 99
