100 196
0 1
0 2
0 3
0 4
0 5
0 9
0 10
0 12
0 13
0 19
0 26
0 27
0 33
0 35
0 46
0 47
0 59
0 65
0 67
0 70
0 85
0 86
0 90
0 91
0 98
1 3
1 5
1 6
1 7
1 15
1 20
1 28
1 29
1 37
1 44
1 78
1 81
3 4
3 7
3 13
3 16
3 20
3 24
3 26
3 34
3 42
3 45
3 81
4 10
4 14
4 16
4 17
4 18
4 27
4 30
4 32
4 34
4 38
4 87
4 90
4 98
5 6
5 8
5 12
5 15
5 17
5 29
5 32
5 55
5 62
5 68
5 82
5 89
6 8
6 24
6 25
6 37
6 48
6 63
6 64
6 83
6 88
7 86
7 89
8 9
8 11
8 14
8 22
8 28
8 42
8 43
8 54
8 85
8 91
9 23
9 31
9 57
9 62
9 63
9 79
10 11
10 23
10 36
10 51
10 56
10 92
11 21
11 25
11 48
11 51
11 53
11 69
12 19
12 39
12 58
13 45
13 73
13 76
13 96
14 18
14 22
14 88
15 99
17 41
17 44
17 49
17 59
17 84
17 94
17 99
18 54
18 65
19 21
19 41
20 75
21 47
21 61
21 67
21 71
21 80
21 92
21 95
21 97
22 50
22 74
23 40
23 46
23 52
23 57
23 93
26 30
26 33
26 35
26 36
26 50
26 79
27 38
28 60
29 58
29 61
29 78
30 31
30 43
30 60
30 66
30 72
30 74
32 52
32 73
33 55
33 56
33 64
37 39
37 49
37 66
38 40
41 68
42 70
43 83
43 94
44 69
46 75
47 77
50 53
50 72
57 76
61 77
62 71
63 84
66 82
72 87
72 97
76 80
83 95
88 93
93 96
