100 196
0 1
0 2
0 3
0 4
0 5
0 6
0 9
0 10
0 11
0 29
0 54
0 56
0 69
1 25
1 28
1 67
1 73
2 3
2 4
2 6
2 8
2 11
2 13
2 15
2 16
2 20
2 22
2 27
2 37
2 38
2 46
2 47
2 65
2 82
2 85
2 92
3 9
3 10
3 17
3 30
3 34
3 84
3 87
4 5
4 7
4 12
4 13
4 18
4 51
4 68
4 70
4 75
4 81
5 7
5 8
5 12
5 14
5 31
5 36
5 40
5 58
5 74
6 19
6 20
6 26
6 29
6 37
6 38
6 40
6 44
6 49
6 84
6 89
7 16
7 31
7 97
7 98
9 27
11 23
11 34
12 14
12 15
12 21
12 22
12 23
12 26
12 35
12 53
12 63
12 65
12 69
12 70
12 72
12 75
13 21
13 59
13 71
14 17
14 47
14 76
14 79
15 72
16 18
16 19
16 28
16 32
16 35
16 36
16 73
16 80
16 89
18 43
18 86
19 24
19 41
20 25
20 33
20 88
20 97
21 24
21 32
21 33
21 68
21 71
21 77
21 78
21 83
21 88
22 30
22 43
22 45
22 56
24 55
25 60
25 85
25 96
26 63
27 64
28 45
30 39
30 42
30 52
30 55
30 92
30 93
30 98
31 41
31 53
31 82
31 91
33 46
33 57
34 54
34 60
35 48
35 66
36 39
36 42
36 44
36 49
36 50
36 59
36 62
37 58
39 48
40 57
40 61
40 95
41 50
44 74
45 51
47 62
49 52
50 61
51 79
51 83
51 90
54 64
54 67
54 80
54 93
55 99
57 94
58 66
63 87
64 81
64 99
68 78
71 76
72 90
74 77
74 86
79 91
79 96
86 94
86 95
