100 196
0 1
0 2
0 3
0 4
0 6
0 7
0 9
0 11
0 12
0 16
0 21
0 22
0 24
0 27
0 28
0 34
0 42
0 45
0 49
0 65
0 66
0 75
0 89
0 93
2 3
2 13
2 27
2 29
2 30
2 52
3 4
3 5
3 8
3 13
3 17
3 22
3 28
3 36
3 39
3 49
3 55
3 58
3 66
3 71
3 73
3 76
3 79
3 86
3 87
3 96
4 5
4 6
4 7
4 9
4 10
4 14
4 15
4 23
4 35
4 42
4 46
4 52
4 59
4 63
4 64
4 84
4 88
4 92
5 24
6 8
6 10
6 12
6 19
6 25
6 26
6 41
6 44
6 48
6 51
6 57
6 91
6 93
6 98
7 29
7 32
7 70
7 72
8 11
8 16
8 18
8 21
8 34
8 58
8 60
8 62
8 75
8 81
9 80
10 20
10 67
11 17
11 18
11 33
11 57
11 83
11 90
11 91
12 14
12 26
12 61
12 74
12 83
13 15
13 19
13 25
13 40
13 56
13 60
13 80
14 47
14 79
14 90
15 31
15 97
17 20
17 41
17 78
18 36
18 63
18 65
18 71
18 92
19 37
19 87
20 23
20 37
20 44
20 94
21 74
22 38
22 40
22 48
23 33
24 38
24 46
25 31
25 47
26 30
26 54
26 70
26 99
27 39
27 51
27 53
27 69
30 43
31 32
33 35
33 53
34 50
34 84
35 61
40 64
40 95
40 96
41 55
42 43
42 45
42 50
42 56
42 59
42 88
43 67
43 68
45 54
45 77
46 85
47 62
47 73
47 95
59 72
60 82
63 68
63 78
67 69
67 94
68 81
72 76
72 82
72 89
72 99
74 77
77 85
85 86
94 97
96 98
