100 196
0 1
0 2
0 3
0 4
0 25
0 66
0 83
0 85
1 15
1 23
1 68
2 3
2 5
2 6
2 7
2 9
2 12
2 26
2 30
2 38
2 52
2 60
2 61
2 70
2 81
2 96
2 99
3 4
3 5
3 11
3 16
3 17
3 23
3 24
3 30
3 34
3 41
3 45
3 55
3 63
3 76
3 78
3 87
3 94
4 9
4 19
4 43
4 65
5 6
5 7
5 8
5 14
5 15
5 19
5 21
5 25
5 28
5 29
5 36
5 39
5 46
5 48
5 49
5 50
5 51
5 56
5 57
5 67
5 72
5 74
5 75
5 77
5 81
5 85
5 86
5 88
5 92
6 10
6 24
6 33
6 37
6 42
6 53
6 65
7 8
7 14
7 27
7 40
7 49
7 69
8 10
8 16
8 18
8 21
8 32
8 42
8 64
8 75
8 76
8 99
9 11
9 13
9 18
9 22
9 35
9 39
9 41
9 47
9 58
9 60
9 79
10 12
10 17
10 20
10 22
10 46
10 53
10 73
10 84
10 87
10 91
12 13
12 35
12 70
12 73
12 82
12 93
14 37
15 27
15 32
15 34
15 44
15 55
15 68
15 90
15 98
16 31
16 79
17 20
17 96
19 62
19 91
20 26
20 36
20 59
20 61
20 98
21 28
21 29
21 38
24 59
25 48
26 31
26 47
26 62
26 72
27 69
27 90
28 33
28 40
28 63
28 80
28 83
28 95
29 43
30 45
31 52
31 67
36 54
36 80
37 44
37 89
38 84
39 56
41 54
42 50
43 71
44 74
45 58
45 64
47 51
47 77
49 57
49 66
49 71
51 95
56 89
57 97
59 78
61 86
63 97
64 94
65 88
66 82
86 92
87 93
