100 196
0 1
0 2
0 3
0 4
0 5
0 6
0 9
0 13
0 14
0 18
0 24
0 25
0 43
0 70
0 81
0 99
1 8
1 9
1 16
1 20
1 33
1 34
1 55
1 57
1 62
2 3
2 8
2 11
2 13
2 14
2 18
2 21
2 26
2 36
2 37
2 38
2 46
2 60
2 75
2 77
2 86
2 93
3 4
3 5
3 10
3 17
3 21
3 22
3 23
3 35
3 39
3 41
3 45
3 50
3 61
3 67
3 85
3 94
4 7
4 11
4 12
4 28
4 34
4 56
5 6
6 7
6 30
6 63
7 10
7 17
7 33
7 49
9 12
9 15
9 26
9 39
9 51
9 53
9 77
10 23
10 86
10 95
11 16
11 22
11 28
11 44
11 57
11 93
12 19
12 51
12 74
13 15
13 20
13 27
13 29
13 41
13 42
13 54
13 76
13 78
13 91
15 24
15 30
15 31
15 36
15 38
15 43
15 47
15 81
15 87
16 19
16 40
16 46
16 67
17 29
19 44
19 54
19 72
19 91
20 56
22 37
22 53
22 71
23 25
23 27
23 48
23 76
23 78
24 63
24 71
24 88
24 97
26 52
26 94
27 31
27 42
28 49
28 58
28 80
28 89
29 32
30 32
30 35
30 50
30 64
30 98
31 47
32 40
32 48
32 69
32 73
32 84
32 90
32 95
34 60
35 73
36 52
36 69
36 84
37 59
37 72
37 82
37 85
38 66
40 45
40 59
40 92
42 65
43 58
43 68
43 80
43 96
48 61
48 70
49 68
50 55
55 99
57 64
57 66
57 89
58 62
58 90
61 65
61 82
63 83
64 79
65 97
68 79
69 83
70 74
70 96
73 75
73 87
73 88
74 98
76 92
