100 196
0 1
0 2
0 3
0 4
0 5
0 6
0 7
0 8
0 10
0 13
0 14
0 15
0 18
0 19
0 20
0 22
0 24
0 30
0 39
0 41
0 43
0 49
0 66
0 73
0 85
0 97
1 13
2 3
2 4
2 5
2 8
2 9
2 11
2 16
2 22
2 29
2 30
2 32
2 37
2 50
2 55
2 67
2 73
2 84
2 86
3 6
3 10
3 12
3 19
3 21
3 26
3 34
3 36
3 51
3 54
3 61
3 63
4 9
4 12
4 15
4 45
4 49
4 68
4 72
5 7
5 16
5 33
5 60
5 70
5 74
5 77
7 21
7 23
7 27
7 59
7 69
7 87
7 90
8 35
8 59
8 66
8 86
9 11
9 20
9 39
9 48
9 74
9 85
9 92
10 17
10 18
10 53
10 75
10 81
11 25
11 37
11 91
12 52
12 58
12 67
12 71
12 82
12 93
12 96
12 97
13 14
13 17
13 44
13 63
13 78
13 90
13 94
13 95
14 27
15 38
15 48
15 54
15 57
16 31
16 42
16 65
17 26
17 28
17 33
17 38
17 40
17 42
17 64
17 91
17 93
18 28
18 36
18 52
18 60
19 77
20 24
20 31
20 35
20 47
20 56
20 70
20 76
21 23
22 25
22 29
22 43
22 78
23 32
28 34
29 44
29 53
29 62
29 64
29 65
30 50
31 55
31 81
32 40
32 47
34 45
34 56
34 58
34 83
36 57
36 99
38 41
39 46
40 76
42 89
44 46
44 62
47 51
47 79
49 83
50 92
53 94
55 61
55 88
55 98
58 71
58 84
58 87
59 79
62 88
62 89
65 98
66 69
66 82
67 68
67 80
68 80
70 72
71 75
77 99
84 95
87 96
