100 196
0 1
0 2
0 3
0 4
0 6
0 7
0 10
0 11
0 12
0 15
0 16
0 17
0 18
0 20
0 21
0 26
0 32
0 34
0 35
0 36
0 42
0 43
0 50
0 53
0 55
0 62
0 68
0 71
0 75
0 87
0 93
0 94
1 3
1 4
1 5
1 13
1 15
1 25
1 28
1 37
1 40
1 49
1 97
2 54
3 7
3 14
3 19
3 22
3 33
3 40
3 54
4 5
4 6
4 8
4 9
4 16
4 24
4 43
4 45
4 47
4 50
4 51
4 52
4 76
4 83
4 84
4 85
4 89
4 95
5 8
5 9
5 10
5 11
5 18
5 19
5 20
5 27
5 28
5 48
5 60
5 74
5 90
6 63
8 14
8 17
8 44
8 62
8 65
8 77
8 79
8 81
9 12
9 30
10 13
10 29
10 38
10 41
11 42
11 64
11 76
12 38
13 32
13 39
13 57
13 73
13 94
14 26
14 45
14 63
15 21
15 27
17 22
17 23
17 24
17 37
17 47
17 53
17 69
17 74
18 23
18 30
18 31
18 88
19 25
19 55
19 77
20 34
20 73
21 31
21 44
21 46
21 58
21 69
21 78
22 33
23 29
23 56
23 71
23 79
23 88
24 67
24 96
25 35
25 58
27 60
28 41
28 70
29 66
29 72
31 36
31 46
31 49
31 72
31 99
32 82
35 39
35 67
35 78
36 61
37 52
37 61
37 66
37 81
37 83
37 89
39 64
40 80
41 48
41 59
41 85
42 51
42 59
42 68
42 86
43 80
46 96
48 57
48 65
48 97
54 56
57 90
57 95
57 99
58 91
61 98
62 70
62 75
62 84
64 92
68 86
69 87
73 82
73 91
87 98
89 93
90 92
