30 46
30 75
30 27
46 5
46 23
75 13
75 47
27 89
27 37
5 99
5 81
23 98
23 58
26 94
26 49
26 28
94 19
94 74
49 1
49 7
28 95
28 90
19 4
19 31
74 87
74 66
25 96
25 59
25 11
96 15
96 41
59 50
59 80
11 72
11 63
15 29
15 40
41 93
41 22
4 73
4 91
73 51
73 61
91 85
91 79
51 32
51 34
61 10
61 98
36 71
36 66
36 18
71 44
71 82
66 64
18 65
18 57
44 92
44 43
82 69
82 62
1 76
1 16
76 29
16 88
7 56
53 87
53 39
39 0
39 6
50 48
43 84
10 24
10 83
24 17
24 45
83 21
98 54
80 3
20 38
20 42
20 52
38 48
52 60
48 77
9 17
92 35
62 12
93 78
58 67
21 55
55 97
97 86
97 8
65 14
14 68
77 70
33 47
8 2
