42 110
0 1
0 7
0 18
0 21
0 28
0 31
1 4
1 5
1 7
1 8
1 13
1 16
1 38
1 40
2 17
2 31
2 32
2 35
3 7
3 8
3 11
3 21
3 23
3 24
3 36
4 9
4 13
4 16
4 20
4 39
5 11
5 16
5 26
5 33
6 10
6 16
6 36
6 40
7 8
7 15
7 19
7 30
8 16
8 20
8 21
8 38
9 12
9 27
9 33
9 38
10 12
10 25
10 28
10 31
11 16
11 41
12 23
12 37
13 30
13 33
13 36
13 39
14 19
14 22
14 23
15 36
15 39
15 41
16 25
16 34
17 18
17 27
17 29
17 32
18 37
18 38
19 23
19 29
19 37
19 39
20 32
20 35
20 41
21 31
21 34
21 40
23 28
24 26
24 31
24 33
25 31
25 38
26 39
27 35
27 38
27 39
27 41
28 31
28 36
29 36
30 31
30 37
30 41
31 34
32 37
34 35
35 41
36 39
37 39
40 41
