46 106
0 3
0 13
0 20
0 24
0 30
0 36
0 44
1 9
1 10
1 14
1 16
1 24
1 33
1 44
1 45
2 18
2 28
2 36
3 18
3 35
3 42
4 27
5 17
5 22
5 37
5 43
5 45
6 11
6 26
7 8
7 11
7 32
7 38
8 23
8 24
8 27
8 30
8 35
8 43
9 33
9 38
10 11
10 13
10 16
10 33
10 41
11 33
12 13
12 26
12 27
13 20
13 34
13 35
14 34
15 25
16 26
16 35
17 30
17 31
17 32
17 38
18 22
18 23
18 36
18 37
18 39
18 42
18 45
19 22
19 29
19 33
19 44
20 26
20 29
20 37
20 39
20 40
21 38
22 29
22 30
22 40
23 29
23 41
24 26
24 28
24 35
25 31
26 32
26 34
28 30
28 36
28 42
28 45
29 43
29 44
30 39
31 32
31 39
31 42
32 33
32 41
34 35
34 44
35 42
40 42
42 44
